1289 
1662 
-1528 
1693 
542 
-1649 
-908 
192 
1873 
1904 
-1403 
1927 
1872 
-60 
1229 
-1467 
-321 
1702 
1196 
1882 
637 
-1902 
1430 
1777 
732 
1055 
995 
-442 
636 
-1347 
843 
-1918 
-914 
-1859 
-1651 
1324 
798 
-750 
1844 
-1907 
-251 
-486 
1087 
1209 
-1283 
-42 
-223 
599 
857 
1043 
-918 
736 
635 
-1382 
-1561 
-7 
1883 
-654 
349 
-1132 
1029 
-1004 
24 
815 
1601 
1881 
193 
-1481 
-1437 
-994 
1395 
-1007 
1287 
-1051 
1758 
-615 
-1243 
-1020 
475 
-110 
-608 
1355 
349 
203 
1708 
-878 
1053 
1039 
-490 
277 
-1738 
-1828 
126 
1143 
1777 
-1516 
281 
-126 
-2000 
-668 
-1384 
1205 
-774 
116 
-1370 
417 
-971 
631 
775 
1016 
-203 
-1705 
-1111 
1693 
-1424 
1334 
157 
2032 
-1728 
-235 
-1612 
1891 
-2030 
1126 
1299 
1510 
-1703 
-411 
-984 
1229 
-281 
1682 
-1304 
-968 
-1452 
-1491 
1512 
326 
204 
-1455 
1446 
499 
-611 
54 
-403 
-1737 
-1066 
-1543 
-1295 
-1066 
-339 
-1845 
1649 
1821 
-38 
-45 
-665 
1638 
-536 
-1593 
1147 
-452 
-1059 
-394 
-1653 
-1508 
1810 
1868 
308 
-1804 
-1087 
-602 
1315 
-1985 
-1872 
-1356 
610 
949 
605 
-202 
192 
-835 
1002 
-1275 
765 
-1297 
-539 
514 
1147 
-1716 
1758 
1129 
-55 
-263 
-218 
-794 
34 
44 
1301 
1207 
591 
-498 
1276 
134 
-612 
1798 
1539 
205 
501 
356 
-1198 
-815 
-120 
-1104 
1410 
-1251 
-1123 
-1349 
-1116 
-264 
-774 
1734 
-286 
-1291 
1658 
1965 
-251 
-1593 
-991 
-374 
388 
-974 
421 
865 
-1140 
-1568 
-833 
-743 
-311 
32 
-1698 
-973 
1232 
-1929 
1756 
943 
-47 
321 
-1077 
-169 
1896 
191 
86 
-1100 
-46 
508 
