9FC 2.550000e+01 A 1 7ED 7FF 0 2.038500e+03 2.033500e+03 7FA 4.500000e+00 7FC 7FF 2 7FF 2.046500e+03 
1.756500e+03 2.027500e+03 7FE 4.500000e+00 7FC 2.046500e+03 5.500000e+00 4.500000e+00 2.046500e+03 2.500000e+00 A 1 0 2.046500e+03 5.000000e-01 5.000000e-01 
1.255000e+02 7EC 7FD 2.045500e+03 F 7F5 2.040500e+03 1.500000e+00 4.500000e+00 2.047500e+03 2.039500e+03 2.041500e+03 7FF 2 0 7FE 
1D 25 2.500000e+00 2.042500e+03 6.500000e+00 8 2.042500e+03 2.037500e+03 2.042500e+03 2.043500e+03 2.037500e+03 7F8 5.000000e-01 6 2.047500e+03 7FB 
7A5 7FD F 4 7FF 2.043500e+03 D 7FE 0 2.047500e+03 5.000000e-01 2.047500e+03 5.000000e-01 2.047500e+03 2.047500e+03 2.047500e+03 
5C 7F3 2.036500e+03 4.500000e+00 2.043500e+03 2.039500e+03 3.500000e+00 5.500000e+00 7 6.500000e+00 5 5.000000e-01 2.047500e+03 2.046500e+03 2.047500e+03 2.047500e+03 
2.020500e+03 2.150000e+01 7F8 4 9.500000e+00 9.500000e+00 2.035500e+03 7F5 7F5 2.042500e+03 7FF 2.047500e+03 2.047500e+03 0 2.047500e+03 7FF 
7D8 7F3 9 7.500000e+00 6 5.000000e-01 9 5 6.500000e+00 1.500000e+00 2.044500e+03 7FE 2.047500e+03 5.000000e-01 2.047500e+03 7FF 
26 7EC 2.042500e+03 2.045500e+03 7F8 2.039500e+03 0 3.500000e+00 0 2.045500e+03 7FF 3.500000e+00 5.000000e-01 7FD 2.047500e+03 2 
7ED 2.550000e+01 2.042500e+03 3.500000e+00 4.500000e+00 5 2.044500e+03 7FB 2.045500e+03 5.000000e-01 3 2.047500e+03 5.000000e-01 1.500000e+00 7FF 7FF 
7EF 2.028500e+03 1.150000e+01 2.043500e+03 5.000000e-01 5.000000e-01 0 2.047500e+03 2.047500e+03 2.047500e+03 2.047500e+03 0 2.047500e+03 0 0 0 
1.950000e+01 7FE 7F8 5 2.046500e+03 2.044500e+03 1.500000e+00 3 2 2.045500e+03 7FD 0 5.000000e-01 7FF 0 5.000000e-01 
7FD 1.850000e+01 0 2.041500e+03 0 4 2.047500e+03 7FD 2.047500e+03 2 0 2.045500e+03 1 2.500000e+00 0 7FD 
7EB 2.039500e+03 7 5.500000e+00 0 7FE 2.045500e+03 1 2.047500e+03 0 2 3 2.047500e+03 7FE 2.047500e+03 1.500000e+00 
8.500000e+00 7F0 2.036500e+03 2.042500e+03 0 5.000000e-01 1 0 0 0 1 2.047500e+03 2.047500e+03 2.047500e+03 0 2.047500e+03 
2.043500e+03 16 7.500000e+00 2 2.046500e+03 2.047500e+03 1.500000e+00 5.000000e-01 1 2.046500e+03 2.045500e+03 7FE 2.047500e+03 1 2.047500e+03 7FF 
3C6 17D 15E 49 4.250000e+01 7FD 1.850000e+01 9 11 3 3.500000e+00 2.044500e+03 0 8 2.042500e+03 2.044500e+03 
5F 1.723500e+03 0 51 1.115000e+02 55 3.350000e+01 A 5 F 1.250000e+01 8 0 2.039500e+03 2.047500e+03 1.500000e+00 
E5 7C2 1.990500e+03 2.003500e+03 2.017500e+03 18 37 6.250000e+01 29 1.450000e+01 0 7FE 2.047500e+03 7FE 2.047500e+03 7FE 
A9 7C6 2.024500e+03 2.030500e+03 2.017500e+03 7DD 7E4 2.044500e+03 2.650000e+01 20 15 B 7.500000e+00 5.500000e+00 5.000000e-01 2.044500e+03 
1.485000e+02 7D7 2.018500e+03 2.028500e+03 2.035500e+03 2.034500e+03 7F6 2.029500e+03 2.032500e+03 2.039500e+03 7FF 9.500000e+00 1.550000e+01 9.500000e+00 2.047500e+03 7FB 
1.335000e+02 2.010500e+03 7EC 2.034500e+03 7F4 2.028500e+03 7FA 2.047500e+03 2 2.045500e+03 7F7 2.046500e+03 1.150000e+01 1.050000e+01 2.047500e+03 7F9 
1.205000e+02 7EA 2.027500e+03 7FA 2.042500e+03 7F9 2.041500e+03 7FF 1 5.000000e-01 7FF 7FF 0 2.047500e+03 5.000000e-01 2.047500e+03 
1.005000e+02 7FB 7E6 2.500000e+00 2.040500e+03 7F4 2.035500e+03 2.043500e+03 0 3 5 2 2.043500e+03 2.041500e+03 0 3.500000e+00 
8.350000e+01 8 7E2 3 7F7 7F2 2.037500e+03 2.044500e+03 5.000000e-01 0 7FF 5.000000e-01 0 7FF 5.000000e-01 1 
6.250000e+01 C 7E5 7FE 2.038500e+03 7F4 2.043500e+03 2.047500e+03 2.046500e+03 2.043500e+03 2.043500e+03 7FF 3 2.500000e+00 0 7FF 
5.750000e+01 6.500000e+00 7E8 2.038500e+03 7F4 2.040500e+03 0 2.500000e+00 0 2.046500e+03 2.047500e+03 0 7FF 7FF 0 5.000000e-01 
2D 9.500000e+00 7E9 7F5 7F5 2.044500e+03 2.046500e+03 0 1 2 4 1.500000e+00 2.045500e+03 7FD 5.000000e-01 2 
2.950000e+01 8 7E7 7FC 2.047500e+03 1 2.047500e+03 7FE 2.047500e+03 0 2.046500e+03 2.046500e+03 2.047500e+03 5.000000e-01 0 7FF 
1.650000e+01 6.500000e+00 7EB 5 6 2.500000e+00 0 2.046500e+03 7FF 2.046500e+03 7FC 2.045500e+03 1.500000e+00 4 2.047500e+03 7FD 
4.500000e+00 11 7F6 5 0 7FE 7FF 2.047500e+03 2.046500e+03 0 0 5.000000e-01 5.000000e-01 0 2.047500e+03 0 
4.500000e+00 1.350000e+01 2.044500e+03 1.500000e+00 7FB 7FD 2.046500e+03 1 5.000000e-01 1.500000e+00 3 2.500000e+00 7FD 7FC 5.000000e-01 2 
50A 24D 6FB 78F 33 4.150000e+01 12 7FA 7EB 7F9 2.045500e+03 7FD 5.000000e-01 1.350000e+01 2.500000e+00 2.039500e+03 
760 1.415000e+02 DA 77B 1.940500e+03 2.043500e+03 7E1 7E2 2.046500e+03 1.500000e+00 10 5.000000e-01 7FA E 7FD 2.039500e+03 
4 7FB 7.750000e+01 9.750000e+01 7F6 23 7.950000e+01 1.996500e+03 1.988500e+03 2.036500e+03 7EC 7F2 C 7FB 2.045500e+03 5.000000e-01 
2.040500e+03 14 9.500000e+00 2.043500e+03 1.050000e+01 2.035500e+03 4.350000e+01 5F 1.550000e+01 2.044500e+03 17 2.032500e+03 2.035500e+03 7F7 2.044500e+03 2.500000e+00 
16 4.500000e+00 9 1.500000e+00 7EA 2.025500e+03 2.025500e+03 3.500000e+00 1.450000e+01 7.500000e+00 1.050000e+01 4.650000e+01 2.047500e+03 7.500000e+00 0 2 
5 C 7FE 7F9 7FB 7F9 2.046500e+03 5 7F2 7E0 7E5 7EA E 2.041500e+03 1.050000e+01 F 
7FE 5.500000e+00 1.250000e+01 9.500000e+00 7FB 7F3 7FB 6 1.050000e+01 0 7F2 7EE 2.030500e+03 2.029500e+03 7EC 2.032500e+03 
7F6 7F8 9.500000e+00 5.500000e+00 5 2.047500e+03 2.047500e+03 2.500000e+00 4 4 5.000000e-01 6.500000e+00 1.050000e+01 1D 1.350000e+01 0 
2.036500e+03 7F7 4.500000e+00 B 7 2.047500e+03 0 7.500000e+00 1.350000e+01 9 7FF 7FD 5.000000e-01 1.500000e+00 0 7FE 
2.036500e+03 2.040500e+03 5.000000e-01 9 4 0 7FC 1.500000e+00 9.500000e+00 3 2.043500e+03 2.041500e+03 2.045500e+03 2.035500e+03 7FA 2.046500e+03 
7F6 2.040500e+03 1 3 0 2.046500e+03 1 5.000000e-01 2.047500e+03 2.046500e+03 2.046500e+03 5.000000e-01 2.047500e+03 2.046500e+03 7FF 0 
7FB 7F9 7FE 1.500000e+00 1.500000e+00 7FE 3.500000e+00 3.500000e+00 7FD 0 4.500000e+00 5.500000e+00 1.500000e+00 8.500000e+00 3.500000e+00 2.047500e+03 
7FF 0 0 7FF 2.047500e+03 7FF 2.047500e+03 0 2.047500e+03 2.047500e+03 0 1 0 0 1 0 
2.044500e+03 5.500000e+00 4.500000e+00 7FE 7FD 5.000000e-01 7FC 7FD 1.500000e+00 2.046500e+03 7FC 2.042500e+03 2.046500e+03 7F7 7FC 5.000000e-01 
7FD 0 7FE 7FF 0 2.047500e+03 2.047500e+03 5.000000e-01 5.000000e-01 5.000000e-01 5.000000e-01 0 2.047500e+03 0 0 0 
2.046500e+03 7FB 7FE 1 1 7FF 2 2 2.046500e+03 1 4.500000e+00 5 5.000000e-01 7.500000e+00 3 0 
71C 4.650000e+01 7CB 1.815000e+02 7B7 4.150000e+01 7C6 7FB 7FF 5.000000e-01 9 1.150000e+01 7EB 2.042500e+03 1.500000e+00 5 
1.982500e+03 7A 1.851500e+03 1.975000e+02 2.750000e+01 2.040500e+03 7D7 2.015500e+03 6.500000e+00 E 5.000000e-01 5.000000e-01 1.950000e+01 3 3 2.046500e+03 
2.024500e+03 4D 2.002500e+03 1.996500e+03 7.550000e+01 25 2.029500e+03 1.971500e+03 24 2.040500e+03 2.050000e+01 7FC 5.000000e-01 9 0 7F7 
2.041500e+03 F 7FF 2.026500e+03 1.500000e+00 7F8 4A 1.993500e+03 2.017500e+03 C 0 2.550000e+01 2.033500e+03 0 2.046500e+03 2 
2.043500e+03 7F3 2.035500e+03 7F4 16 2.047500e+03 4 1.500000e+00 2.025500e+03 7ED B 2.850000e+01 2.031500e+03 7FE 2.047500e+03 6 
2.032500e+03 2.040500e+03 7F2 2 0 6.500000e+00 11 7F5 7F8 4 7F5 13 2.040500e+03 2.500000e+00 0 5.000000e-01 
7F8 7FE 2.038500e+03 7F4 2.043500e+03 9.500000e+00 5.500000e+00 1.050000e+01 1 7FB 0 2.500000e+00 2.047500e+03 7FE 0 1.500000e+00 
2.039500e+03 7FB 2 2.039500e+03 4 2.045500e+03 5.500000e+00 2.042500e+03 1.500000e+00 1.500000e+00 4 7F6 1 2.047500e+03 0 2.045500e+03 
7FA 4.500000e+00 0 7FE 0 5.000000e-01 5.000000e-01 7FF 2.047500e+03 2.047500e+03 0 7FF 2.047500e+03 5.000000e-01 5.000000e-01 2.047500e+03 
2.042500e+03 1.500000e+00 7 7FD 2.045500e+03 6 7FB 1.500000e+00 0 1 7FC 3 2.046500e+03 2.500000e+00 0 7FF 
2.045500e+03 0 2.047500e+03 0 0 1.500000e+00 0 7FF 5.000000e-01 2.047500e+03 0 0 0 0 2.047500e+03 2.047500e+03 
0 7FD 0 7FC 5.000000e-01 2.044500e+03 4.500000e+00 7FE 0 7FF 2 7FD 0 7FF 2.047500e+03 2.047500e+03 
2.045500e+03 2.047500e+03 0 2.047500e+03 5.000000e-01 0 1 2.047500e+03 2.047500e+03 0 0 5.000000e-01 7FF 0 0 2.047500e+03 
7FB 3.500000e+00 2.044500e+03 6 7FF 3.500000e+00 7FB 5.000000e-01 2.047500e+03 5.000000e-01 7FD 3 0 1 0 2.047500e+03 
2.046500e+03 2.046500e+03 0 5.000000e-01 7FF 7FF 5.000000e-01 0 2.047500e+03 0 2.047500e+03 7FF 2.047500e+03 2.047500e+03 2.047500e+03 0 
0 7FE 1 7FD 5.000000e-01 7FC 4 7FF 0 2.047500e+03 3 7FD 0 7FF 2.047500e+03 5.000000e-01 
6E4 1CE 1.425000e+02 746 33 1.250000e+01 32 1.050000e+01 7FD 7DE 7F3 3.500000e+00 1.050000e+01 1.350000e+01 2.045500e+03 7FB 
8.850000e+01 6F2 1 4.350000e+01 3.850000e+01 1.969500e+03 1.989500e+03 1C 2.047500e+03 1E 1.650000e+01 2.030500e+03 8.500000e+00 7F1 2.041500e+03 2.044500e+03 
7B2 1.917500e+03 7A3 1.350000e+01 5.350000e+01 7.950000e+01 2.029500e+03 7FE 2.007500e+03 7FF 2.050000e+01 2.044500e+03 2.035500e+03 7FC 2.050000e+01 16 
7EC 1B 49 2.016500e+03 7C0 7E5 6.500000e+00 2E 6.500000e+00 2.046500e+03 7FC 7E0 20 2.047500e+03 2.031500e+03 7EC 
45 42 1.750000e+01 7E5 24 E 2.015500e+03 2.033500e+03 7.500000e+00 7DF 3.350000e+01 0 0 7FE 0 2 
24 2.044500e+03 2.041500e+03 7E9 7FD 2B 2.045500e+03 8.500000e+00 18 7F6 2.040500e+03 8 2.036500e+03 3.500000e+00 5.500000e+00 5.500000e+00 
2.032500e+03 7EC 2 1A 7E7 7FC 2.041500e+03 7ED 2.036500e+03 1.750000e+01 5.000000e-01 2.037500e+03 7FF 9 0 7F8 
2.011500e+03 2.022500e+03 3.150000e+01 14 7F6 8.500000e+00 2.550000e+01 4 2.047500e+03 7F9 3 2.042500e+03 2.044500e+03 2.033500e+03 7FC 3 
2.026500e+03 7F2 7E2 7FC 2.047500e+03 7FB 2.037500e+03 2.041500e+03 7FF 0 0 9.500000e+00 14 11 0 2.039500e+03 
1.550000e+01 1.050000e+01 2.020500e+03 7EC 8 B 7FD 2.047500e+03 2.500000e+00 4.500000e+00 7FE 2.041500e+03 2.025500e+03 2.040500e+03 3.500000e+00 7 
15 2.550000e+01 1.150000e+01 2 1 2 2.047500e+03 7FF 2.047500e+03 1 5.000000e-01 2.046500e+03 7FF 1.500000e+00 2.047500e+03 7FF 
7F1 2.045500e+03 F 6.500000e+00 7F7 7FB 6.500000e+00 2.047500e+03 2.045500e+03 7FF 1 2.047500e+03 1.250000e+01 3.500000e+00 2.045500e+03 2.042500e+03 
7F5 2.044500e+03 1.150000e+01 C 5.000000e-01 7FA 7FF 2.500000e+00 5.000000e-01 2.044500e+03 1 2 7FF 7FD 0 3 
2.500000e+00 2.041500e+03 2.040500e+03 2 7.500000e+00 2.046500e+03 2.040500e+03 4 2.500000e+00 5.000000e-01 7FE 2.500000e+00 7F5 7FB 2 5.500000e+00 
2.047500e+03 7FE 7F6 2.038500e+03 0 3 2.047500e+03 7FD 0 1 2.047500e+03 2.045500e+03 0 1.500000e+00 0 2.045500e+03 
7F8 7FC 2.043500e+03 7F7 2.041500e+03 1.500000e+00 5.500000e+00 2.043500e+03 7FD 1 1 2.043500e+03 9.500000e+00 5.500000e+00 7FE 7F9 
4E2 1.940500e+03 1.994500e+03 7E1 6.050000e+01 24 1.750000e+01 1 2.500000e+00 1.450000e+01 2.047500e+03 7F7 0 6 0 7F8 
80 3.825000e+02 1.972500e+03 1.966500e+03 1.950000e+01 2.046500e+03 7E9 7E2 2.038500e+03 3.500000e+00 2.044500e+03 7EF 0 1.950000e+01 1.500000e+00 2.033500e+03 
2.250000e+01 9F 2.035500e+03 2.007500e+03 26 7FB 7E1 2.001500e+03 2.011500e+03 7EE 7F1 2.033500e+03 0 1.150000e+01 2.047500e+03 7F7 
9.450000e+01 2F 7EA 5.500000e+00 6.250000e+01 2.250000e+01 2.047500e+03 2.041500e+03 2.046500e+03 1.150000e+01 8 1.500000e+00 1 3 0 7FD 
4.450000e+01 4.850000e+01 7F1 2.022500e+03 2.750000e+01 6 7F6 7F4 2.040500e+03 5 1.050000e+01 4.500000e+00 7FF 5.000000e-01 0 7FF 
2.550000e+01 E 3.250000e+01 2.030500e+03 2.040500e+03 7FC 7F9 7F5 2.040500e+03 2.036500e+03 7EF 2.033500e+03 2.047500e+03 6.500000e+00 2.047500e+03 2.041500e+03 
5.350000e+01 2.025500e+03 38 13 1 6.500000e+00 6.500000e+00 2.040500e+03 0 2.500000e+00 1 2.046500e+03 0 1 2.046500e+03 7FE 
4.950000e+01 2.016500e+03 5.450000e+01 23 1.350000e+01 18 1.550000e+01 2.042500e+03 3.500000e+00 10 1.650000e+01 9 2.047500e+03 7FD 7FF 1 
2.036500e+03 2.045500e+03 2.450000e+01 3 2.047500e+03 1.950000e+01 9 2.046500e+03 2.047500e+03 9.500000e+00 10 1.050000e+01 2.047500e+03 2.044500e+03 7FF 2.500000e+00 
1.987500e+03 4.500000e+00 2.050000e+01 C 1.050000e+01 E 2 7FE 7FD 1 5.500000e+00 4.500000e+00 0 7FE 2.047500e+03 2 
1.982500e+03 7F7 1.250000e+01 2.050000e+01 C 1.500000e+00 0 2.047500e+03 0 7FE 0 1.500000e+00 0 7FE 0 5.000000e-01 
7DF 7E2 7FE 2.550000e+01 1.050000e+01 7FD 1 1.500000e+00 2.500000e+00 0 1 2 0 7FE 2.047500e+03 1.500000e+00 
2.046500e+03 2.029500e+03 2.022500e+03 6.500000e+00 0 2.043500e+03 7FF 2.500000e+00 0 2.045500e+03 0 2 0 7FD 0 2.500000e+00 
6 6.500000e+00 2.012500e+03 2.038500e+03 2.042500e+03 7FD 2.045500e+03 5.000000e-01 7FD 2.044500e+03 2.045500e+03 0 0 7FF 0 1 
2.044500e+03 7FE 7E9 1 2.047500e+03 0 2.047500e+03 5.000000e-01 2.047500e+03 5.000000e-01 2.047500e+03 2.047500e+03 5.000000e-01 2.047500e+03 0 0 
7FA 2.039500e+03 7FA 9 5 5.000000e-01 2 2.047500e+03 2.500000e+00 2.500000e+00 1.500000e+00 5.000000e-01 0 5.000000e-01 0 7FF 
3EA 1.784500e+03 2 2.014500e+03 0 7F5 8.500000e+00 3.500000e+00 4 1 7FF 3 2.047500e+03 7F9 0 3 
1.973500e+03 7A7 7F8 2.032500e+03 1 7FE 4.500000e+00 5.000000e-01 3 3 2.047500e+03 2.047500e+03 0 2.047500e+03 5.000000e-01 2.047500e+03 
7F4 2.017500e+03 1.150000e+01 3 5 3.500000e+00 3.500000e+00 2.044500e+03 2.047500e+03 2 0 2.046500e+03 0 0 2.047500e+03 7FF 
A 1 13 1.650000e+01 3 1.500000e+00 2.044500e+03 2.039500e+03 2.042500e+03 2.045500e+03 0 5.000000e-01 0 2.047500e+03 2.047500e+03 0 
2.450000e+01 4.500000e+00 9.500000e+00 8.500000e+00 2.044500e+03 7FC 2.038500e+03 2.037500e+03 2.040500e+03 2.044500e+03 0 5.000000e-01 7FF 7FF 0 0 
C 0 2.043500e+03 7FB 2.039500e+03 7FA 2.040500e+03 7FA 2.042500e+03 2.044500e+03 0 5.000000e-01 0 2.047500e+03 2.047500e+03 5.000000e-01 
5.000000e-01 2.041500e+03 2.039500e+03 7F8 7FB 2.046500e+03 0 5.000000e-01 0 0 2.047500e+03 2.047500e+03 2.047500e+03 0 0 0 
7FF 7FC 2.043500e+03 2.047500e+03 2.500000e+00 4.500000e+00 3.500000e+00 5.000000e-01 1 1.500000e+00 2.047500e+03 7FE 2.047500e+03 1 0 7FE 
2.047500e+03 2.047500e+03 0 3.500000e+00 7.500000e+00 5.500000e+00 0 7FD 5.000000e-01 1 2.047500e+03 7FF 0 1 2.047500e+03 7FF 
7FE 5.000000e-01 2.047500e+03 3 5 3 7FE 7FC 2.047500e+03 1 0 2.047500e+03 2.047500e+03 2.047500e+03 0 2.047500e+03 
2.046500e+03 2.047500e+03 1 5.000000e-01 0 7FF 2.047500e+03 7FF 5.000000e-01 0 2.047500e+03 5.000000e-01 0 2.047500e+03 7FF 5.000000e-01 
2.046500e+03 0 5.000000e-01 7FF 2.045500e+03 0 1.500000e+00 1 5.000000e-01 7FF 2.047500e+03 2.047500e+03 5.000000e-01 2.047500e+03 0 0 
2.046500e+03 2.047500e+03 0 2.047500e+03 0 0 0 2.047500e+03 1.500000e+00 0 0 0 7FF 0 0 0 
2.044500e+03 2.045500e+03 2.047500e+03 1 0 5.000000e-01 2.046500e+03 7FE 2.046500e+03 5.000000e-01 0 0 0 0 0 0 
7FE 0 0 0 7FF 7FF 7FF 0 0 2.047500e+03 2.047500e+03 0 2.047500e+03 7FF 5.000000e-01 2.047500e+03 
2.045500e+03 0 2.047500e+03 2.047500e+03 2.046500e+03 0 1 1 1 0 0 7FF 2.047500e+03 0 7FF 0 
3E0 72B 1.750000e+01 7E6 2.044500e+03 2.036500e+03 7FD 7FA 2.043500e+03 2.044500e+03 2.042500e+03 2.046500e+03 7FF 2.044500e+03 0 5.000000e-01 
54 7FF 1.050000e+01 A D 9 4 2.500000e+00 6 6 3.500000e+00 2 0 0 7FF 0 
7E0 7.500000e+00 2.036500e+03 7F6 2.042500e+03 2.046500e+03 7FC 7F9 7FB 7FF 2.047500e+03 2.047500e+03 0 1 0 7FF 
7 6 5 7.500000e+00 6 4 1 1 2 5.000000e-01 2.046500e+03 2.045500e+03 0 1 2.047500e+03 2.046500e+03 
7F2 0 2.041500e+03 2.046500e+03 7FD 2.045500e+03 2.047500e+03 1 5.000000e-01 2.047500e+03 7FF 5.000000e-01 0 2.047500e+03 2.047500e+03 5.000000e-01 
2.045500e+03 4 7FE 2 5.000000e-01 0 2.047500e+03 2.046500e+03 2.046500e+03 0 5.000000e-01 5.000000e-01 0 7FF 2.047500e+03 2.047500e+03 
7FE 2.047500e+03 2.047500e+03 0 2.047500e+03 2.047500e+03 2.047500e+03 0 2.047500e+03 0 2.047500e+03 2.047500e+03 2.047500e+03 5.000000e-01 7FE 7FF 
2.047500e+03 7FC 1 0 2.047500e+03 7FF 0 5.000000e-01 1 7FF 7FF 2.047500e+03 0 0 0 2.047500e+03 
3.500000e+00 2.043500e+03 2.047500e+03 1 2.047500e+03 2.046500e+03 0 1 0 7FF 0 1 0 7FF 0 1 
2.500000e+00 7FD 2.046500e+03 1 2.047500e+03 7FF 2.047500e+03 2.047500e+03 7FF 7FF 1 5.000000e-01 2.047500e+03 7FF 7FF 1 
2.045500e+03 0 7FF 0 7FF 2.047500e+03 0 7FF 7FF 0 5.000000e-01 5.000000e-01 0 2.047500e+03 0 2.047500e+03 
7FB 0 5.000000e-01 2.046500e+03 0 5.000000e-01 0 0 0 2.047500e+03 2.047500e+03 7FF 0 5.000000e-01 5.000000e-01 0 
7FD 7FF 0 0 0 0 2.047500e+03 7FF 5.000000e-01 2.046500e+03 2.047500e+03 0 2.047500e+03 7FF 2.047500e+03 0 
1.500000e+00 2.047500e+03 7FF 1 2.047500e+03 2.047500e+03 7FF 7FF 2.047500e+03 0 1 5.000000e-01 2.047500e+03 2.047500e+03 2.047500e+03 0 
7FE 2.047500e+03 5.000000e-01 7FF 7FF 2.047500e+03 5.000000e-01 0 2.047500e+03 0 7FF 2.047500e+03 0 7FF 2.047500e+03 2.047500e+03 
2.042500e+03 2.047500e+03 5.000000e-01 2.046500e+03 7FF 0 2.047500e+03 5.000000e-01 5.000000e-01 2.047500e+03 7FF 2.046500e+03 2.047500e+03 0 2.047500e+03 2.047500e+03 
222 767 1.050000e+01 7EE 7F4 2.034500e+03 5.500000e+00 5.000000e-01 7 8 5 3.500000e+00 0 2.044500e+03 0 2 
1.475000e+02 7BE 2.024500e+03 7CF 7FE 7FB 2.041500e+03 8 3.500000e+00 0 2.042500e+03 7FC 2.047500e+03 5.000000e-01 5.000000e-01 2.045500e+03 
3A 7E7 7F3 D 7F4 2.039500e+03 7 2.046500e+03 2.047500e+03 7FF 0 1.500000e+00 5.000000e-01 2.045500e+03 0 1 
7E6 13 7F2 9 7.500000e+00 7FC 2.034500e+03 5 6.500000e+00 4.500000e+00 1.500000e+00 0 5.000000e-01 0 0 0 
7F2 1.250000e+01 0 6 1 2.045500e+03 2.043500e+03 2.035500e+03 2.047500e+03 5 0 2.043500e+03 0 3.500000e+00 2.047500e+03 7FD 
7EF B 6.500000e+00 2.037500e+03 7FF 2.046500e+03 5.000000e-01 2 7FD 7FC 2.046500e+03 5.000000e-01 0 2.046500e+03 5.000000e-01 1 
2 2.038500e+03 C 2.045500e+03 2.032500e+03 2.043500e+03 5.000000e-01 1.500000e+00 5.000000e-01 2.047500e+03 2.047500e+03 5.000000e-01 0 7FE 7FF 1 
2.045500e+03 2.047500e+03 2.045500e+03 7FA 5 1 2.046500e+03 7FE 1.500000e+00 3.500000e+00 1 7FE 2.047500e+03 1.500000e+00 7FF 2.047500e+03 
3 7FD 2.043500e+03 6 0 2.045500e+03 0 2 5.000000e-01 2.045500e+03 2.047500e+03 5.000000e-01 2.047500e+03 2.046500e+03 0 1.500000e+00 
7F9 6 2.045500e+03 2.500000e+00 7FD 2.046500e+03 5.000000e-01 1 7FE 7FC 0 5.000000e-01 0 7FF 2.047500e+03 1 
2.046500e+03 2.047500e+03 0 2.047500e+03 2.047500e+03 2.047500e+03 5.000000e-01 5.000000e-01 1 2.047500e+03 0 5.000000e-01 2.047500e+03 0 2.047500e+03 2.047500e+03 
2.046500e+03 7FD 5.000000e-01 2.047500e+03 3 2.047500e+03 2.046500e+03 7FF 1 2 0 7FF 5.000000e-01 0 5.000000e-01 0 
7FE 5.000000e-01 2.047500e+03 0 0 2.047500e+03 7FF 5.000000e-01 5.000000e-01 0 0 2.047500e+03 0 0 5.000000e-01 2.047500e+03 
7FF 5.000000e-01 2.047500e+03 0 7FD 7FF 1.500000e+00 5.000000e-01 2.047500e+03 2.045500e+03 7FF 1 0 7FF 2.047500e+03 0 
7FD 0 0 2.047500e+03 5.000000e-01 0 5.000000e-01 2.047500e+03 5.000000e-01 2.047500e+03 0 2.047500e+03 5.000000e-01 0 2.047500e+03 7FF 
2.045500e+03 7FE 0 2.047500e+03 2 0 2.046500e+03 2.047500e+03 2 1.500000e+00 5.000000e-01 2.047500e+03 5.000000e-01 0 7FF 7FF 
302 1.895500e+03 7.250000e+01 1.185000e+02 8.750000e+01 3F D 7 2.044500e+03 1A 1.550000e+01 1.050000e+01 2.039500e+03 6 2.046500e+03 7FB 
1.675500e+03 32 7D6 1.915500e+03 1.983500e+03 1.970500e+03 3 2.014500e+03 1.750000e+01 2.031500e+03 8.500000e+00 2.024500e+03 9 2.500000e+00 1 2.044500e+03 
104 7AC 14 8.550000e+01 7.500000e+00 11 7F6 1.650000e+01 7E5 2.041500e+03 2.040500e+03 1.500000e+00 5.000000e-01 2.043500e+03 2.047500e+03 2.500000e+00 
7AC 5.000000e-01 12 7F7 1 2.026500e+03 1F 2.046500e+03 1.150000e+01 2.027500e+03 2.500000e+00 7FC 2.042500e+03 7FF 2.047500e+03 1 
1.979500e+03 50 2.035500e+03 1.950000e+01 7EB 1.250000e+01 7ED F 7F8 2.047500e+03 7FF 2.047500e+03 7FF 1 0 0 
1.150000e+01 7E4 C 2.019500e+03 2.550000e+01 F 2 7F7 1.350000e+01 8.500000e+00 6 8 1.150000e+01 5.500000e+00 0 7FC 
2.039500e+03 1E 2.040500e+03 2.035500e+03 7FB 1.500000e+00 7EE 2.028500e+03 0 2.031500e+03 7F2 7EE 7EE 7F5 0 3.500000e+00 
2.037500e+03 7EE 2.150000e+01 2.042500e+03 2.040500e+03 F 2.038500e+03 4 F 2 A 1.250000e+01 B 7.500000e+00 2.047500e+03 7FC 
36 2.008500e+03 1.450000e+01 5 2.039500e+03 7FF 9.500000e+00 2.040500e+03 5.000000e-01 3.500000e+00 0 7FD 0 0 7FF 7FF 
9 2.037500e+03 7FF 2.050000e+01 2.039500e+03 4 7F9 5 7F9 2.043500e+03 7FC 2.046500e+03 7FC 7F9 0 4 
3.250000e+01 2.013500e+03 1.050000e+01 8 7F5 6 2.047500e+03 2.046500e+03 2.047500e+03 0 2.047500e+03 2.046500e+03 0 2.047500e+03 0 7FF 
B 2.039500e+03 2.039500e+03 1.250000e+01 2.038500e+03 2 3 0 4.500000e+00 2.047500e+03 3 4 1.500000e+00 2.500000e+00 0 7FF 
7FD 5.000000e-01 0 2.047500e+03 2.047500e+03 0 0 0 5.000000e-01 5.000000e-01 5.000000e-01 2.047500e+03 2.047500e+03 2.047500e+03 0 0 
2.029500e+03 8.500000e+00 2 2.039500e+03 3.500000e+00 2.047500e+03 7FD 7FE 7FC 5.000000e-01 2.045500e+03 2.044500e+03 7FE 2.045500e+03 0 2.047500e+03 
7EF 1.150000e+01 0 7FB 2.047500e+03 1.500000e+00 0 2.045500e+03 0 1.500000e+00 0 7FF 7FF 1 0 2.045500e+03 
2.039500e+03 7 7FD 2 2.043500e+03 2.500000e+00 1.500000e+00 7FE 3 1.500000e+00 2 1.500000e+00 1.500000e+00 3 7FF 2.045500e+03 
728 2.235000e+02 7A4 1.986500e+03 B 26 7FE 7E0 2.044500e+03 9.500000e+00 2.046500e+03 3.500000e+00 14 6.500000e+00 1 2.042500e+03 
155 1.654500e+03 E0 E8 7E0 7E9 7EA 2.023500e+03 7BD 2.023500e+03 1.050000e+01 7.500000e+00 2.040500e+03 2.043500e+03 2.045500e+03 5.500000e+00 
41 1.979500e+03 1.948500e+03 7.350000e+01 99 2A 21 17 2.033500e+03 2.022500e+03 7 23 1C 3.500000e+00 1 4 
782 1.355000e+02 2.011500e+03 1.948500e+03 5.000000e-01 7.500000e+00 1.050000e+01 7E8 2.021500e+03 2.012500e+03 1.500000e+00 1.500000e+00 16 1.450000e+01 5.000000e-01 2.039500e+03 
7F2 7D8 7E2 4C 2.450000e+01 16 7E5 3.450000e+01 3.050000e+01 7E5 7C7 F 11 2.500000e+00 0 2.500000e+00 
7FD 7C0 5.000000e-01 D 7F7 19 2.027500e+03 2.046500e+03 2.150000e+01 28 2.004500e+03 1.970500e+03 7D5 6 2.047500e+03 2.029500e+03 
2.004500e+03 4.050000e+01 6.650000e+01 4 21 5.500000e+00 2.450000e+01 7F5 2.047500e+03 33 3.950000e+01 2.044500e+03 7DD 2.021500e+03 7FF 1.150000e+01 
7CC 40 1.750000e+01 7F3 2.950000e+01 2.037500e+03 2.046500e+03 7DF 2.046500e+03 7F3 17 1.450000e+01 7F4 2.023500e+03 0 11 
2.046500e+03 2.038500e+03 7F0 14 8 D 7FF 2.044500e+03 0 0 5.000000e-01 3.500000e+00 0 7EA 2.003500e+03 2.007500e+03 
2 7E9 3.500000e+00 15 2.030500e+03 2.350000e+01 2.044500e+03 7F7 2.025500e+03 1.550000e+01 10 1.050000e+01 2.047500e+03 7FF 0 5.000000e-01 
2.029500e+03 A 22 7EC 7F6 2.046500e+03 1 2.046500e+03 0 2 5.000000e-01 2.046500e+03 0 5.000000e-01 2.046500e+03 2.046500e+03 
2.030500e+03 2.850000e+01 7 2.047500e+03 2.550000e+01 2.035500e+03 3.500000e+00 0 9 2.033500e+03 7FD 2.500000e+00 2 2.044500e+03 2.047500e+03 3.500000e+00 
2.035500e+03 7F6 2.047500e+03 3.500000e+00 0 2.046500e+03 7FF 1 5.000000e-01 7FE 7FF 5.000000e-01 0 7FE 2.047500e+03 5.000000e-01 
2.033500e+03 2.024500e+03 0 5.500000e+00 2.028500e+03 C 7FD 2.047500e+03 7F7 D 1.500000e+00 2.043500e+03 7FD 4.500000e+00 2.047500e+03 2.043500e+03 
7FD 5.000000e-01 1 2.046500e+03 7FD 2.047500e+03 7FF 0 0 2.047500e+03 7FF 2.046500e+03 0 0 7FF 2.047500e+03 
3 15 2.500000e+00 2.042500e+03 1.650000e+01 2.036500e+03 2.500000e+00 0 6.500000e+00 7F3 2.047500e+03 4 2 7FC 2.047500e+03 4.500000e+00 
6D8 2.035500e+03 1.933500e+03 1.445000e+02 7EE 2.046500e+03 1.988500e+03 2.024500e+03 2.047500e+03 2.750000e+01 1.850000e+01 2.046500e+03 2.027500e+03 5 2 7FB 
42 2.385000e+02 71B 6.550000e+01 4E 1.922500e+03 1.750000e+01 10 2.013500e+03 2.016500e+03 7F7 2.150000e+01 1.500000e+00 7FF 1.350000e+01 1 
771 1.923500e+03 2.002500e+03 1.972500e+03 100 69 2.026500e+03 2.035500e+03 7D3 5 2.033500e+03 2.019500e+03 2.500000e+00 2.650000e+01 7EE 2.045500e+03 
36 8C 6.850000e+01 7C9 2.007500e+03 1.195000e+02 6.050000e+01 64 2.006500e+03 7E7 3 4.500000e+00 2.026500e+03 2.027500e+03 7FB 2.034500e+03 
4D 72 7.850000e+01 29 C F 2.029500e+03 5.450000e+01 5B 3.500000e+00 3.350000e+01 2.011500e+03 7F0 7FA 2.028500e+03 7E8 
1.949500e+03 78C 7B1 7E8 2.750000e+01 34 5.850000e+01 7F3 21 5 5.550000e+01 9.050000e+01 7CD 2.038500e+03 1.350000e+01 7FA 
1B 5C 17 D 7EE 7F6 5.000000e-01 4.050000e+01 A 3.050000e+01 7E6 6.950000e+01 35 D 7EB 7EB 
7.500000e+00 1.550000e+01 13 2.040500e+03 4.500000e+00 1.250000e+01 2.035500e+03 7E8 F 2.034500e+03 3.250000e+01 0 2.450000e+01 2.650000e+01 5.150000e+01 7E1 
1.996500e+03 2.027500e+03 2.002500e+03 2 0 7FE 2.046500e+03 2 2.047500e+03 1 2.031500e+03 23 0 2.350000e+01 0 2.039500e+03 
7FF 2.031500e+03 2.032500e+03 7D9 2.034500e+03 7F7 8.500000e+00 2.500000e+00 2.046500e+03 2.500000e+00 5.500000e+00 2.041500e+03 2.450000e+01 2.043500e+03 2.024500e+03 6.500000e+00 
7F5 7F6 7F4 2.028500e+03 7EB 7F2 0 6 2.047500e+03 7FD 2.047500e+03 3.500000e+00 5.000000e-01 2.045500e+03 2.047500e+03 2.500000e+00 
7F4 6 E 2.250000e+01 5 2.050000e+01 7F8 7FB 2.047500e+03 2.045500e+03 7FE 2.042500e+03 2.040500e+03 7.500000e+00 11 2.037500e+03 
7FF 2.650000e+01 1.350000e+01 7F4 0 7EB 7FF 8 1 7FA 0 3.500000e+00 0 2.044500e+03 0 3.500000e+00 
2.026500e+03 7FC 2.042500e+03 3 2.035500e+03 2.043500e+03 8 0 0 3 1 3 4.500000e+00 2.042500e+03 2.032500e+03 6.500000e+00 
2.023500e+03 2.017500e+03 2.025500e+03 2.039500e+03 7FC 1 2.047500e+03 7FF 5.000000e-01 5.000000e-01 5.000000e-01 7FF 0 2.046500e+03 0 0 
1.150000e+01 1.050000e+01 7.500000e+00 7F6 7EE 7F2 7F9 7.500000e+00 2.047500e+03 2.039500e+03 2.045500e+03 7FF 7FC 1 1.350000e+01 7FD 
7E8 2.055000e+02 1.185000e+02 6.500000e+00 2.023500e+03 2.014500e+03 2.037500e+03 2.035500e+03 E 2.045500e+03 2.038500e+03 2.040500e+03 7F5 2 7EF 10 
765 1.967500e+03 7D4 7B4 94 7F0 4.050000e+01 4.050000e+01 1.850000e+01 7 7 1.050000e+01 2.250000e+01 2.030500e+03 1.150000e+01 7FD 
1.825000e+02 89 7ED 1.902500e+03 1.015000e+02 1.986500e+03 1.980500e+03 7.250000e+01 7E0 5.000000e-01 2.025500e+03 1.950000e+01 7F3 5.000000e-01 5.000000e-01 4 
C7 3.150000e+01 788 6.550000e+01 1.998500e+03 9.650000e+01 1.941500e+03 4.150000e+01 3.050000e+01 7DA B 1.500000e+00 2.041500e+03 7F7 A 7FF 
6DD 7D8 7E 1.943500e+03 7E4 10 7FA 1.990500e+03 1E 7F6 7C9 1D 7FF 2.025500e+03 11 7F9 
7F6 1.909500e+03 27 91 7E9 21 2.045500e+03 9 7FC 4.750000e+01 7D2 2.039500e+03 2D 7D7 8 8.500000e+00 
7C9 7E6 4.350000e+01 39 5 7CC 29 7ED B 1.250000e+01 1.350000e+01 2.005500e+03 5.250000e+01 2.024500e+03 7EB 1F 
2.032500e+03 1.050000e+01 47 2 5.000000e-01 2.045500e+03 7E6 8.500000e+00 7F9 4.500000e+00 C 7FD 7F0 3.050000e+01 2.012500e+03 16 
3.500000e+00 1.986500e+03 7DD 7F8 7CF 7E5 2.047500e+03 7FB 2.047500e+03 7FC 7FF F 7EB 2 16 2.022500e+03 
7FB 7FA 2.038500e+03 2.037500e+03 3.750000e+01 B 8 7FA 1 A 2.026500e+03 E 7F8 7.500000e+00 7FA 2 
27 7D2 7E8 4.500000e+00 1 17 11 A 0 7F3 15 7F2 5.000000e-01 4.500000e+00 0 7FB 
7F8 24 D 2.039500e+03 3.450000e+01 1B 6.500000e+00 4.500000e+00 2.046500e+03 5.500000e+00 7FA 5.500000e+00 2.046500e+03 7FF 7FD 3 
E 7DF 7F5 1C 2.033500e+03 7FF 0 3 2.047500e+03 7FC 2.047500e+03 4.500000e+00 2.046500e+03 7FB 2.047500e+03 2.500000e+00 
2.013500e+03 7.500000e+00 5.500000e+00 2.028500e+03 7FF 2.035500e+03 6.500000e+00 2.035500e+03 1 5.500000e+00 7FE 2.041500e+03 2 3 2.500000e+00 2.040500e+03 
2.044500e+03 2.028500e+03 A 16 2.035500e+03 9.500000e+00 2.036500e+03 1.050000e+01 0 2.041500e+03 0 4 2.047500e+03 2.043500e+03 5.000000e-01 2.500000e+00 
7F5 9 B 1A 7F7 7 1.050000e+01 2.044500e+03 7FF 0 3 1 7FD 1 7FC 2.500000e+00 
992 7B0 2.035500e+03 7DA 1.150000e+01 6 2 7F6 7.500000e+00 7FF A 7FF 0 5.000000e-01 2.047500e+03 2.046500e+03 
151 7EC 3B 1A 8 2.026500e+03 A 3.500000e+00 5.500000e+00 2.043500e+03 3.500000e+00 2.040500e+03 0 1.500000e+00 2.047500e+03 2.046500e+03 
5A9 2.040500e+03 7F3 7D3 2.500000e+00 2.047500e+03 A 2.044500e+03 9 7F7 6.500000e+00 2.042500e+03 0 1.500000e+00 0 7FE 
1.986500e+03 1.991500e+03 3.950000e+01 14 2.047500e+03 7E9 3 2.037500e+03 7FE 7F4 0 0 0 7FD 7FF 3.500000e+00 
2.029500e+03 3 2.041500e+03 2.032500e+03 1.850000e+01 2 8 2.044500e+03 1.450000e+01 8 1.050000e+01 6 2.047500e+03 7FF 2.047500e+03 1.500000e+00 
78F 7F8 1.150000e+01 2.024500e+03 7EA 2.027500e+03 E 2.041500e+03 2.044500e+03 2.029500e+03 7EE 2.041500e+03 2.047500e+03 5.000000e-01 2.046500e+03 2.047500e+03 
3D 2.029500e+03 1.050000e+01 1.150000e+01 1.050000e+01 7F3 2.047500e+03 7FF A F 1.250000e+01 6 2.047500e+03 2.044500e+03 0 1.500000e+00 
7D4 D 2.043500e+03 2.017500e+03 2.039500e+03 2 5 7FA 7EF 2.038500e+03 7FB 2.044500e+03 2.047500e+03 5.000000e-01 7FF 7FF 
7D1 7F2 13 5 2.047500e+03 2.042500e+03 0 9 E 8 0 2.045500e+03 5.000000e-01 1 0 7FE 
2C 1 7F1 7F7 7FC 4 7FE 7F7 7FA 7FD 5.000000e-01 1 0 7FF 2.047500e+03 0 
7C1 1.350000e+01 1.150000e+01 2.047500e+03 7F4 7F6 2.047500e+03 4 0 2.044500e+03 5.000000e-01 2.500000e+00 2.047500e+03 2.045500e+03 7FF 2 
2.750000e+01 7F0 7FB 7F6 2.036500e+03 2.038500e+03 5.000000e-01 7 1 7FF 0 5.000000e-01 0 7FE 2.047500e+03 1.500000e+00 
6.500000e+00 9 7FF 7FC 0 2 2.047500e+03 7FE 0 1.500000e+00 2.047500e+03 7FE 2.047500e+03 1 0 7FF 
2.010500e+03 7FE 2 B 9.500000e+00 6 0 7FB 0 2.047500e+03 7FF 0 2.047500e+03 2.047500e+03 2.047500e+03 7FF 
5.250000e+01 1 7FF 2.041500e+03 2.036500e+03 7F8 2.047500e+03 4 0 2.045500e+03 7FF 2 0 7FE 2.047500e+03 1.500000e+00 
2.014500e+03 7FD 7FF 2.046500e+03 6 4 5.000000e-01 5.000000e-01 2.047500e+03 2 2.047500e+03 7FE 7FF 1 0 7FF 
6FE 2.765000e+02 D7 7D6 7F1 8 2 2.011500e+03 2.037500e+03 4.500000e+00 7 2.500000e+00 5.000000e-01 7 7FD 7FB 
1.894500e+03 778 41 104 1.915000e+02 37 25 5.050000e+01 5 3 7 8 2.045500e+03 2.044500e+03 7FF 3.500000e+00 
7A3 1.984500e+03 1.821500e+03 75E 1C 88 2.850000e+01 2.034500e+03 1.750000e+01 12 1.150000e+01 0 D 7FA 2.500000e+00 2.045500e+03 
7F5 3C 1C 7E5 7AC 7EB 5F 43 6.500000e+00 2.029500e+03 5.000000e-01 7FD 7EB 2.043500e+03 2.046500e+03 5 
2.050000e+01 7B8 7F1 7EC B 7CF 7D6 20 53 3E A 1.750000e+01 10 B 0 7FA 
7F7 7EE 2.041500e+03 7FA 2.022500e+03 2.046500e+03 2.022500e+03 1.990500e+03 7D7 2.250000e+01 28 6.500000e+00 7FF 7F9 1 3 
3.500000e+00 14 2.036500e+03 9 7FB 7FA 5.500000e+00 1.550000e+01 1.050000e+01 7F1 1.250000e+01 20 11 7FE 0 7 
1.995500e+03 16 0 7FB 7F9 7F2 7F4 2.038500e+03 7F3 7FA 2.033500e+03 6.500000e+00 1A 1D 2.047500e+03 2.032500e+03 
1.986500e+03 2.350000e+01 2.047500e+03 7F4 7F8 2.030500e+03 2.047500e+03 7 2.047500e+03 2.037500e+03 7F0 2.027500e+03 2.026500e+03 7F3 2.047500e+03 5 
7FB 1.350000e+01 1.250000e+01 7.500000e+00 7E8 5.500000e+00 2.045500e+03 2.046500e+03 1.500000e+00 7F9 7FC 7FD 8.500000e+00 5.500000e+00 2.047500e+03 7FC 
7E5 1B 7F2 7FA 1.150000e+01 7F9 1 1.500000e+00 5.000000e-01 2.046500e+03 0 5.000000e-01 2.047500e+03 7FF 5.000000e-01 1 
3.500000e+00 2.033500e+03 C 2.034500e+03 7FC 6.500000e+00 3 7FF 1 5 7FE 7FE 2.046500e+03 4.500000e+00 0 2.044500e+03 
7FE 2.041500e+03 1.150000e+01 2.038500e+03 0 2.500000e+00 7FF 7FE 5.000000e-01 2.500000e+00 2.047500e+03 2.045500e+03 2.047500e+03 1 0 2.046500e+03 
7FB 2.046500e+03 8.500000e+00 7 7FD 7.500000e+00 2.045500e+03 2.043500e+03 0 1 3 2.045500e+03 0 7FE 2.047500e+03 2.047500e+03 
7FF 1.500000e+00 2.500000e+00 7FC B 2.038500e+03 7FF 2 7FF 2.045500e+03 2.046500e+03 5.000000e-01 7FF 2.045500e+03 0 5.000000e-01 
2.047500e+03 7FD 7FB 5.000000e-01 2.037500e+03 6.500000e+00 3.500000e+00 5.000000e-01 1.500000e+00 1.500000e+00 2.045500e+03 7FF 7FF 3.500000e+00 0 2.044500e+03 
830 6 743 1.965500e+03 7.550000e+01 2.038500e+03 2A 7FD 2.023500e+03 2.250000e+01 7FA 1.500000e+00 1 2 1.500000e+00 2.044500e+03 
1.864500e+03 7F3 6C4 1.933500e+03 90 7F2 2.035500e+03 2C 7FF 7F4 2.033500e+03 1.250000e+01 0 7F4 4.500000e+00 B 
7F2 6.950000e+01 7AD 1.940500e+03 1.250000e+01 1.150000e+01 7E2 6.450000e+01 2.750000e+01 7D7 6 7F3 0 2.047500e+03 1 5.000000e-01 
7E6 1.215000e+02 1.515000e+02 783 1.934500e+03 5.150000e+01 7F6 19 4.950000e+01 7E6 1.450000e+01 7F1 1.500000e+00 A 2.044500e+03 2.038500e+03 
28 3C 43 2.009500e+03 2.001500e+03 2.350000e+01 1.998500e+03 9 35 2.036500e+03 2.047500e+03 1A 2.047500e+03 2.033500e+03 0 C 
2.047500e+03 E 1.150000e+01 5.950000e+01 7D4 7D9 7FB 7F1 28 15 2.032500e+03 7F9 7F5 2.045500e+03 3 4.500000e+00 
7E6 7E7 1.985500e+03 15 1.050000e+01 7 2.034500e+03 7CB 2.250000e+01 2E 2.034500e+03 2.500000e+00 2.030500e+03 2.036500e+03 5.000000e-01 2.500000e+00 
7DD 2.029500e+03 2.039500e+03 2.038500e+03 4 D 2.037500e+03 2.026500e+03 7 1.050000e+01 3 1D 2.034500e+03 7E0 7F3 6.500000e+00 
2.041500e+03 1.850000e+01 2.850000e+01 2.023500e+03 2.031500e+03 2.043500e+03 2.046500e+03 7FD 7E5 A 10 1.250000e+01 2.047500e+03 2.033500e+03 2.025500e+03 7EF 
3A 1.450000e+01 2.037500e+03 7F1 B 1.050000e+01 7F9 7F5 2.046500e+03 7F7 1.250000e+01 2.500000e+00 5 2.044500e+03 7F0 2.031500e+03 
2.045500e+03 2.043500e+03 4.550000e+01 2.450000e+01 7E8 7EC 12 7FA 1 2.046500e+03 0 1.500000e+00 2.047500e+03 7FE 2.046500e+03 2.500000e+00 
7FE 2.037500e+03 6 7FD 11 2.041500e+03 14 7F4 1 9.500000e+00 2.043500e+03 7FD 7FD 2.500000e+00 5 4 
2.046500e+03 2.044500e+03 7F4 2.038500e+03 0 3.500000e+00 2.046500e+03 7FD 5.000000e-01 2 5.000000e-01 2.046500e+03 0 1.500000e+00 2.047500e+03 2.046500e+03 
7D7 2 2.750000e+01 2.045500e+03 7F5 2.046500e+03 7F5 7.500000e+00 2.047500e+03 2.039500e+03 2 1 2.500000e+00 7FF 2.043500e+03 2.043500e+03 
B 8.500000e+00 7EC 3 A A 5.000000e-01 2.042500e+03 2.047500e+03 3.500000e+00 0 2.045500e+03 5.000000e-01 3 2.047500e+03 7FD 
3 7FC 7F0 10 7FC 2.027500e+03 A 5.500000e+00 5.000000e-01 7FE 7FD 7 2.045500e+03 2.041500e+03 4.500000e+00 1.050000e+01 
956 6.500000e+00 3 5.000000e-01 1.550000e+01 9.500000e+00 7FA 2.041500e+03 3.500000e+00 1 2.047500e+03 7FE 2.047500e+03 2.500000e+00 0 7FE 
2.032500e+03 7 5 7FF 7FD 7FF 7.500000e+00 7FF 2.042500e+03 1 0 7FF 0 5.000000e-01 0 0 
1.550000e+01 2.030500e+03 7 5.000000e-01 2.042500e+03 7FB 7FD 8.500000e+00 4.500000e+00 2.047500e+03 7FF 1.500000e+00 0 2.045500e+03 0 1 
7FF 7.500000e+00 7EB 7.500000e+00 2.050000e+01 1 2.044500e+03 7F7 7FE 2.046500e+03 2.047500e+03 7FF 0 1 5.000000e-01 7FF 
4 1.650000e+01 1.550000e+01 7F2 7FD 5.000000e-01 4.500000e+00 2 5.000000e-01 7FF 0 7FF 5.000000e-01 5.000000e-01 0 0 
5 7FC 7F9 4 2.042500e+03 7FE 0 3.500000e+00 1 2.047500e+03 2.047500e+03 2.047500e+03 0 7FF 7FF 5.000000e-01 
7FB B 7F8 4 1.050000e+01 7FB 2.041500e+03 2.044500e+03 5.000000e-01 5.000000e-01 2.047500e+03 2.046500e+03 0 1 5.000000e-01 7FF 
2.039500e+03 7FA 8.500000e+00 7F4 2.042500e+03 8 5 2.047500e+03 7FF 0 0 2.046500e+03 2.047500e+03 5.000000e-01 2.046500e+03 2.046500e+03 
2.046500e+03 4 0 8 0 7FC 0 1.500000e+00 2.047500e+03 7FE 0 1 7FF 7FF 0 1.500000e+00 
5.000000e-01 7FD 7FB 7FD 0 2.047500e+03 7FD 7FF 1 1.500000e+00 2.047500e+03 2.046500e+03 0 5.000000e-01 0 7FE 
7FE 2.047500e+03 5.000000e-01 2.047500e+03 7FF 7FF 0 0 5.000000e-01 2.047500e+03 2.047500e+03 2.047500e+03 2.046500e+03 0 2.047500e+03 2.047500e+03 
7FB 0 2.500000e+00 0 5.000000e-01 1 2 0 2.047500e+03 7FE 2.047500e+03 0 5.000000e-01 0 0 0 
7FE 2.047500e+03 0 2.047500e+03 0 5.000000e-01 7FF 2.046500e+03 0 2.047500e+03 0 7FF 0 2.047500e+03 5.000000e-01 2.047500e+03 
0 2.047500e+03 2.045500e+03 1 2.047500e+03 2.046500e+03 2.046500e+03 0 0 5.000000e-01 5.000000e-01 2.047500e+03 2.047500e+03 0 0 2.047500e+03 
2.045500e+03 5.000000e-01 7FF 2.047500e+03 2.047500e+03 2.047500e+03 0 2.047500e+03 0 5.000000e-01 2.047500e+03 2.046500e+03 2.047500e+03 2.047500e+03 2.047500e+03 0 
7FC 5.000000e-01 2.500000e+00 7FF 5.000000e-01 1.500000e+00 1 2.047500e+03 0 2.047500e+03 7FF 5.000000e-01 0 0 2.047500e+03 0 
782 2.950000e+01 7FD 4.500000e+00 5.500000e+00 4 2.047500e+03 7FF 2.044500e+03 4.500000e+00 0 7FD 5.000000e-01 2.500000e+00 2.047500e+03 2.045500e+03 
1.919500e+03 7DA 1.350000e+01 2.034500e+03 5.000000e-01 2.041500e+03 2 A 7FD 7FF 0 2.500000e+00 2.047500e+03 2.044500e+03 0 2.500000e+00 
1D6 2.043500e+03 7FB 2.044500e+03 7FA 1.500000e+00 6.500000e+00 7FF 5.000000e-01 1 7FF 2.047500e+03 0 2.047500e+03 0 2.046500e+03 
1.895000e+02 2D 5.000000e-01 A 2.046500e+03 2.047500e+03 7F6 7FB 1 5.000000e-01 2.046500e+03 2.046500e+03 5.000000e-01 2 0 2.046500e+03 
75E 2.150000e+01 5.500000e+00 1.500000e+00 7FD 2.047500e+03 4 4 0 7FD 0 1.500000e+00 0 2.046500e+03 7FF 5.000000e-01 
1.994500e+03 2.030500e+03 0 1 0 5.500000e+00 7FF 7FC 2.047500e+03 2.500000e+00 2.047500e+03 7FD 0 1.500000e+00 0 7FE 
1.650000e+01 7FA 7 4.500000e+00 5 2.500000e+00 5.000000e-01 0 0 0 0 0 2.047500e+03 0 2.047500e+03 2.047500e+03 
2.013500e+03 7F0 1 2 4 2.047500e+03 7FF 0 2.047500e+03 7FE 0 1 2.047500e+03 2.046500e+03 5.000000e-01 1 
30 2.023500e+03 5 2.042500e+03 0 1 0 2.047500e+03 0 5.000000e-01 2.047500e+03 2.047500e+03 0 2.047500e+03 0 2.047500e+03 
4.050000e+01 4.050000e+01 4.500000e+00 7 7FE 2.046500e+03 1 2.047500e+03 2.047500e+03 2.047500e+03 2.047500e+03 2.047500e+03 0 0 2.047500e+03 7FF 
7B2 E 2.047500e+03 7FA 5.000000e-01 3 1 7FC 0 1 2.047500e+03 2.045500e+03 0 1 2.047500e+03 7FE 
7E5 2.028500e+03 7FE 2.044500e+03 2 0 2.046500e+03 2.047500e+03 0 0 2.047500e+03 2.047500e+03 0 2.047500e+03 0 2.047500e+03 
38 2.047500e+03 0 2.047500e+03 0 2.047500e+03 0 2.047500e+03 0 2.047500e+03 0 2.047500e+03 0 2.047500e+03 0 2.047500e+03 
3.500000e+00 1.550000e+01 2 1.500000e+00 7FF 0 5.000000e-01 0 2.047500e+03 0 2.047500e+03 2.047500e+03 0 0 2.047500e+03 2.047500e+03 
7E0 0 0 0 0 0 0 0 0 0 0 0 0 0 0 0 
1.850000e+01 7F1 7FE 2.045500e+03 5.000000e-01 2.047500e+03 2.046500e+03 0 0 0 2.047500e+03 0 2.047500e+03 0 2.047500e+03 2.047500e+03 
656 23 2 0 2.038500e+03 5.500000e+00 8.500000e+00 7FF 7F9 1 0 7FE 5.000000e-01 2 2.047500e+03 2.046500e+03 
1C7 1C 2.032500e+03 1.050000e+01 1.500000e+00 1.500000e+00 0 7FE 6 1.500000e+00 2.500000e+00 2.500000e+00 0 2.046500e+03 0 0 
1.065000e+02 7EB 2.017500e+03 6 A 2.043500e+03 2.040500e+03 2 8 3.500000e+00 2.040500e+03 2.039500e+03 0 4 2.047500e+03 2.043500e+03 
2.075000e+02 1D 7FC 6.500000e+00 1.500000e+00 7FE 3 2.045500e+03 1.500000e+00 8 5 5.000000e-01 7FF 5.000000e-01 2.047500e+03 2.046500e+03 
735 1.350000e+01 2.150000e+01 2.030500e+03 2.035500e+03 6 E 7FC 7F9 7FB 2.047500e+03 5.000000e-01 7FF 7FF 2.047500e+03 0 
797 7F7 7 7F5 6.500000e+00 8.500000e+00 7FD 7.500000e+00 6.500000e+00 1.500000e+00 2.045500e+03 7FC 0 1.500000e+00 0 7FE 
1.993500e+03 2.014500e+03 2.035500e+03 2.045500e+03 1.550000e+01 7F7 2.041500e+03 7FF 0 7FF 0 1 0 7FF 0 1.500000e+00 
1.165000e+02 2.016500e+03 2.043500e+03 3.500000e+00 6 5.500000e+00 7 2.045500e+03 7FD 7FF 1 2 2.047500e+03 2.046500e+03 5.000000e-01 1 
30 29 9.500000e+00 2.038500e+03 2.039500e+03 7FE 2.047500e+03 7FE 0 1 2.047500e+03 7FE 2.047500e+03 1.500000e+00 2.047500e+03 2.046500e+03 
2.020500e+03 2.046500e+03 7F8 5.000000e-01 5 3 2.043500e+03 5.000000e-01 2 0 2.046500e+03 7FE 2.047500e+03 1 2.047500e+03 7FF 
2.022500e+03 1.650000e+01 7FF 1.450000e+01 5.000000e-01 7FA 2.047500e+03 3 2.047500e+03 2.044500e+03 0 2.500000e+00 7FF 2.045500e+03 0 2 
1.947500e+03 7E6 3 7FB 2.045500e+03 0 3.500000e+00 2.046500e+03 7FE 0 5.000000e-01 5.000000e-01 0 2.046500e+03 7FF 0 
1.165000e+02 7D1 7FF 7F9 2.047500e+03 2.047500e+03 5.000000e-01 0 0 2.047500e+03 5.000000e-01 5.000000e-01 2.047500e+03 7FE 7FF 1 
1.750000e+01 6.450000e+01 2.045500e+03 1.850000e+01 2 2.044500e+03 2.044500e+03 2.500000e+00 1.500000e+00 2.045500e+03 2.046500e+03 0 0 2.047500e+03 5.000000e-01 5.000000e-01 
7D9 2.006500e+03 5.000000e-01 7FA 7FF 2.047500e+03 0 5.000000e-01 0 7FF 2.047500e+03 1.500000e+00 5.000000e-01 7FF 2.047500e+03 1 
7DF 6.500000e+00 1.500000e+00 7FB 7FE 1.500000e+00 3 7FC 7FE 1 1.500000e+00 7FE 7FF 5.000000e-01 2.047500e+03 2.047500e+03 
306 17 C 1.450000e+01 C 4 2.044500e+03 2.045500e+03 6.500000e+00 1.450000e+01 9.500000e+00 2.045500e+03 7F5 2.040500e+03 0 3 
773 7EA 7F9 2.032500e+03 7F2 7FB 3.500000e+00 4 2.038500e+03 7EE 7F3 7FF 8 6.500000e+00 5.000000e-01 7FD 
2 2.041500e+03 7 4.500000e+00 9.500000e+00 5 7FC 7FC 4 A 6.500000e+00 1.500000e+00 2.047500e+03 5.000000e-01 5.000000e-01 2.046500e+03 
1.350000e+01 1 2.047500e+03 2.045500e+03 1.500000e+00 4.500000e+00 4.500000e+00 0 7FF 1 4.500000e+00 1 7FC 7FC 0 1.500000e+00 
7F8 2.039500e+03 2.047500e+03 2.043500e+03 7FD 2.042500e+03 7FB 7FF 0 7FA 7F4 7F7 0 3.500000e+00 5.000000e-01 2.044500e+03 
2.041500e+03 1.050000e+01 0 2 3 5 2.500000e+00 2.047500e+03 7FF 4 8 5.500000e+00 1 2.047500e+03 2.047500e+03 5.000000e-01 
2.015500e+03 0 0 7FD 7FB 2.044500e+03 0 1 2.047500e+03 7FF 0 0 7FF 7FF 0 0 
2.033500e+03 2.035500e+03 2.046500e+03 6 4 7FF 2.046500e+03 1 0 2.045500e+03 7FC 2.045500e+03 7FE 2.047500e+03 2.047500e+03 1 
35 7F9 4.500000e+00 2.045500e+03 0 0 0 2.047500e+03 2.047500e+03 5.000000e-01 2.047500e+03 0 2.047500e+03 0 2.047500e+03 2.047500e+03 
8.550000e+01 8 7FC 1 2.046500e+03 2.046500e+03 5.000000e-01 5.000000e-01 0 2.047500e+03 2 3 5.000000e-01 7FF 0 2.047500e+03 
7D5 15 2.047500e+03 2.040500e+03 5.000000e-01 3 0 7FC 2.047500e+03 2 0 7FD 5.000000e-01 2.500000e+00 0 7FE 
7BA 1.500000e+00 1.500000e+00 2.044500e+03 5.000000e-01 1 2.047500e+03 7FE 0 2.047500e+03 7FE 7FD 2.047500e+03 1 2.047500e+03 7FF 
12 7ED 0 6.500000e+00 0 2.044500e+03 7FF 3 2.047500e+03 2.045500e+03 0 3 2.047500e+03 2.045500e+03 5.000000e-01 2 
4.550000e+01 5.000000e-01 7FF 1 7FF 2.046500e+03 2.047500e+03 5.000000e-01 2.047500e+03 2.047500e+03 0 2.500000e+00 1 2.047500e+03 0 5.000000e-01 
7FE 2.047500e+03 5.000000e-01 0 2.047500e+03 1 0 0 0 0 2.047500e+03 2.047500e+03 7FF 2.047500e+03 5.000000e-01 0 
2.001500e+03 2.046500e+03 1 7FF 1 1 7FF 0 2.047500e+03 5.000000e-01 7FE 2.045500e+03 2.046500e+03 0 0 7FF 
86A 20 4 2.041500e+03 7FA 5.000000e-01 2.047500e+03 5.500000e+00 7FC 1.500000e+00 0 7FF 0 1 2.047500e+03 2.047500e+03 
6B0 24 2.500000e+00 7FE 2.043500e+03 0 7FC 2.045500e+03 5.500000e+00 2.044500e+03 5.000000e-01 5.000000e-01 0 7FF 2.047500e+03 5.000000e-01 
1.772500e+03 1.050000e+01 2.500000e+00 2.500000e+00 8 7FA 7FC 5.000000e-01 2.043500e+03 3 2.047500e+03 7FE 0 5.000000e-01 2.047500e+03 2.046500e+03 
1.810500e+03 2.038500e+03 8 2 3 4 5 0 2 2.045500e+03 5.000000e-01 1.500000e+00 7FF 7FF 0 5.000000e-01 
74C 7FC 7FA 3.500000e+00 6 2.500000e+00 0 7FF 0 0 0 7FF 0 0 0 2.046500e+03 
7A7 2.041500e+03 2.046500e+03 2.047500e+03 5.000000e-01 7FA 2.044500e+03 2 2.047500e+03 7FF 2.047500e+03 1 2.047500e+03 2.047500e+03 2.047500e+03 1 
2.024500e+03 7EB 7 2 7FB 2.500000e+00 0 2.047500e+03 0 2.047500e+03 7FF 7FF 2.047500e+03 2.047500e+03 2.047500e+03 7FF 
D 2.036500e+03 2.035500e+03 7F6 4 1 1 2.046500e+03 5.000000e-01 5.000000e-01 0 2.047500e+03 2.047500e+03 0 2.047500e+03 0 
2B 7EE 7F6 2.043500e+03 0 0 2.047500e+03 5.000000e-01 0 0 2.047500e+03 0 0 7FF 0 0 
32 7FD 2.043500e+03 7FE 2.044500e+03 1 7FE 2.047500e+03 0 5.000000e-01 2.047500e+03 2.046500e+03 7FF 0 5.000000e-01 7FF 
4.350000e+01 2.047500e+03 0 0 0 0 2.047500e+03 7FF 0 0 2.047500e+03 0 0 2.047500e+03 7FF 0 
3.450000e+01 7FE 1 5.000000e-01 2 5.000000e-01 1.500000e+00 5.000000e-01 2.047500e+03 0 2.047500e+03 0 7FF 7FF 0 0 
F 2.047500e+03 2.047500e+03 0 5.000000e-01 5.000000e-01 0 5.000000e-01 0 7FF 0 2.046500e+03 0 2.047500e+03 2.047500e+03 0 
3.500000e+00 5.500000e+00 2.047500e+03 2.045500e+03 7FD 1 2.046500e+03 7FF 0 5.000000e-01 2.047500e+03 2.047500e+03 0 0 2.047500e+03 2.046500e+03 
F 1.050000e+01 2.047500e+03 2.044500e+03 2.047500e+03 2 5.000000e-01 2.046500e+03 0 5.000000e-01 5.000000e-01 2.046500e+03 5.000000e-01 1 5.000000e-01 7FF 
9.500000e+00 9 5.000000e-01 7FC 1 2.500000e+00 5.000000e-01 7FF 0 5.000000e-01 5.000000e-01 7FF 0 5.000000e-01 7FF 7FE 
590 3 2.500000e+00 1 7FF 2.047500e+03 2.047500e+03 1.500000e+00 3 2.500000e+00 7FF 2.046500e+03 2.047500e+03 5.000000e-01 2.047500e+03 2.047500e+03 
5.135000e+02 1.850000e+01 8 1 2.047500e+03 0 2.047500e+03 1 3.500000e+00 2.500000e+00 0 7FE 2.047500e+03 1.500000e+00 7FF 2.046500e+03 
1.765000e+02 2.017500e+03 7FD 2.047500e+03 0 7FE 7FF 1.500000e+00 2.047500e+03 2.046500e+03 2.047500e+03 1 0 7FF 0 5.000000e-01 
3.375000e+02 6 2.042500e+03 2.046500e+03 0 5.000000e-01 2.047500e+03 7FE 7FF 2.047500e+03 0 2.047500e+03 2.047500e+03 1 0 0 
7E9 3.550000e+01 2 1 0 0 0 7FE 2.047500e+03 5.000000e-01 2.047500e+03 7FF 2.047500e+03 1 7FF 7FF 
28 8 7FA 1 0 0 2.047500e+03 0 1 0 0 2.047500e+03 0 0 2.047500e+03 2.047500e+03 
1.964500e+03 3.950000e+01 0 1 5.000000e-01 1 2.047500e+03 2.045500e+03 0 5.000000e-01 0 7FE 5.000000e-01 2 0 2.046500e+03 
719 7FB 4.500000e+00 2.045500e+03 0 1 2.047500e+03 2.047500e+03 2.047500e+03 0 5.000000e-01 0 2.047500e+03 5.000000e-01 0 0 
2.021500e+03 7EE 7FF 2.045500e+03 2.047500e+03 1 5.000000e-01 0 0 5.000000e-01 0 5.000000e-01 0 7FF 2.047500e+03 0 
1.883500e+03 1.750000e+01 1.450000e+01 3 0 2.046500e+03 2.047500e+03 0 5.000000e-01 0 2.047500e+03 0 7FF 2.047500e+03 2.047500e+03 2.047500e+03 
1.974500e+03 7CE B 7F2 2.047500e+03 3 2.047500e+03 7FF 0 1.500000e+00 2.047500e+03 2.046500e+03 0 5.000000e-01 2.047500e+03 0 
1.750000e+01 2.035500e+03 2.047500e+03 4 0 7FD 0 2 2.047500e+03 2.046500e+03 2.047500e+03 1.500000e+00 0 7FE 0 1 
30 7F2 7F4 7F9 2.047500e+03 1.500000e+00 2.047500e+03 2.046500e+03 0 0 2.047500e+03 7FF 2.047500e+03 7FF 1 2.047500e+03 
5C 2.023500e+03 2.036500e+03 7FE 7FF 2.047500e+03 2.047500e+03 1.500000e+00 0 7FF 0 0 2.047500e+03 7FF 5.000000e-01 5.000000e-01 
14 7FF 2.047500e+03 0 0 0 5.000000e-01 0 2.047500e+03 5.000000e-01 2.047500e+03 2.047500e+03 2.047500e+03 2.047500e+03 7FF 0 
26 1.150000e+01 5.500000e+00 1 2.047500e+03 2.047500e+03 2.047500e+03 7FF 2.047500e+03 0 0 0 0 5.000000e-01 0 2.047500e+03 
75C 4.050000e+01 3 3.500000e+00 3 3.500000e+00 0 7FD 2.047500e+03 1.500000e+00 0 7FF 5.000000e-01 2 7FF 7FE 
1.383500e+03 E 2.500000e+00 7FE 2.045500e+03 7FD 0 2 2 1 0 2.046500e+03 7FF 0 2.047500e+03 2.047500e+03 
1.671500e+03 3 2.039500e+03 3 2.047500e+03 4.500000e+00 0 2.043500e+03 2.043500e+03 7FD 2.047500e+03 0 5.000000e-01 2.047500e+03 0 2.047500e+03 
1.871500e+03 7D4 4 7FB 1.500000e+00 2.045500e+03 0 4 2.500000e+00 1 2.047500e+03 1 7FF 7FE 2.047500e+03 5.000000e-01 
1.145000e+02 2.027500e+03 0 7F9 2.044500e+03 7FF 2.047500e+03 0 2.047500e+03 0 0 5.000000e-01 7FF 2.047500e+03 2.047500e+03 0 
A9 2.043500e+03 4 3.500000e+00 4.500000e+00 3.500000e+00 2.047500e+03 7FE 2.046500e+03 7FF 0 7FF 0 2.047500e+03 2.047500e+03 2.046500e+03 
6.150000e+01 3.850000e+01 7FC 2 7FB 2.044500e+03 0 0 2.047500e+03 2.047500e+03 0 0 0 2.047500e+03 0 2.047500e+03 
7A6 4.500000e+00 6 1.500000e+00 2.500000e+00 1.500000e+00 5.000000e-01 2.047500e+03 1 1.500000e+00 2.047500e+03 7FF 0 5.000000e-01 2.047500e+03 7FF 
795 7E3 5 2.043500e+03 0 0 0 0 0 2.047500e+03 5.000000e-01 5.000000e-01 0 7FF 7FF 7FF 
2.150000e+01 7F1 2.042500e+03 7FA 2.046500e+03 2 0 2.046500e+03 7FF 2.047500e+03 0 2.046500e+03 5.000000e-01 0 0 7FF 
1.075000e+02 5.500000e+00 7F4 9 7FF 7FC 2.047500e+03 1.500000e+00 2.047500e+03 7FE 7FF 2 5.000000e-01 2.046500e+03 0 1.500000e+00 
6.950000e+01 25 7FD A 5.000000e-01 2.044500e+03 0 1 5.000000e-01 2.046500e+03 0 5.000000e-01 7FF 5.000000e-01 5.000000e-01 5.000000e-01 
1.996500e+03 20 C 2.047500e+03 0 1 5.000000e-01 2.046500e+03 0 5.000000e-01 2.047500e+03 7FE 2.047500e+03 2 7FF 7FF 
1.930500e+03 2.022500e+03 D 7FD 2.046500e+03 0 0 1 2.046500e+03 7FF 0 1.500000e+00 0 7FF 0 0 
2.038500e+03 7D6 2.047500e+03 2.042500e+03 0 2.047500e+03 2.047500e+03 1 0 7FF 7FF 0 2.047500e+03 7FF 2.047500e+03 7FF 
34 7E3 2.039500e+03 2.044500e+03 7FF 0 7FF 1 5.000000e-01 0 2.047500e+03 0 0 2.046500e+03 2.047500e+03 0 
A28 1.500000e+00 7E5 F 5.500000e+00 2.042500e+03 7FC 7FC 3.500000e+00 3 0 2.046500e+03 0 1.500000e+00 0 7FF 
7F8 4.050000e+01 B 2.027500e+03 2.037500e+03 8.500000e+00 5 4 2.043500e+03 2.043500e+03 5.000000e-01 1 2.047500e+03 5.000000e-01 0 0 
7FD 2.016500e+03 7F8 10 C 2.046500e+03 2.033500e+03 7FE 4 4.500000e+00 0 7FE 2.047500e+03 5.000000e-01 5.000000e-01 2.046500e+03 
2.036500e+03 27 2.550000e+01 2.021500e+03 7F2 6 B 4 7F9 7F9 2.047500e+03 3 2.047500e+03 7FE 7FF 5.000000e-01 
1.050000e+01 7DB 7F4 10 3.500000e+00 2.500000e+00 2.043500e+03 5.000000e-01 7.500000e+00 5.500000e+00 2.047500e+03 2.045500e+03 0 1 5.000000e-01 7FE 
2.029500e+03 2.250000e+01 C 7F5 7F0 2.500000e+00 1.250000e+01 7 2.043500e+03 2.040500e+03 7FF 3.500000e+00 7FF 7FD 2.047500e+03 2.500000e+00 
D 7E8 2.031500e+03 4.500000e+00 1.450000e+01 2.043500e+03 2.035500e+03 2.039500e+03 5.000000e-01 3 2.047500e+03 2.045500e+03 5.000000e-01 5.000000e-01 2.047500e+03 7FE 
2.024500e+03 24 2.150000e+01 2.041500e+03 2.035500e+03 5 B 8 1.500000e+00 2.046500e+03 5.000000e-01 1 0 0 2.047500e+03 2.047500e+03 
2.350000e+01 2.024500e+03 2.038500e+03 1.350000e+01 7.500000e+00 7FC 7F6 7FA 2.047500e+03 1.500000e+00 7FF 2.047500e+03 7FF 0 7FF 7FF 
7F5 1E 8.500000e+00 2.038500e+03 7FC 2.500000e+00 5.500000e+00 5.000000e-01 7FE 2.046500e+03 0 2.047500e+03 0 0 2.047500e+03 2.047500e+03 
6 7E8 2.047500e+03 8 0 7FB 2.047500e+03 3 0 7FD 2.047500e+03 2.500000e+00 0 2.045500e+03 2.047500e+03 2 
7F4 F 2.045500e+03 2.041500e+03 5.000000e-01 5 2.045500e+03 7FB 1 3.500000e+00 2.047500e+03 7FC 2.047500e+03 2.500000e+00 5.000000e-01 7FD 
8 7F5 2.047500e+03 3.500000e+00 0 2.045500e+03 2.047500e+03 1 0 2.046500e+03 2.047500e+03 1 0 7FF 2.047500e+03 5.000000e-01 
2.040500e+03 4 1 2.045500e+03 7FF 7FF 1 5.000000e-01 7FF 2.047500e+03 2.047500e+03 5.000000e-01 7FF 2.046500e+03 2.047500e+03 5.000000e-01 
7FD 1 2.047500e+03 2.046500e+03 7FF 2.047500e+03 0 2.047500e+03 2.047500e+03 0 0 0 0 0 0 0 
5.000000e-01 2.046500e+03 2.046500e+03 2.047500e+03 0 0 2.046500e+03 2.046500e+03 1.500000e+00 5.000000e-01 2.047500e+03 7FF 0 1 0 7FF 
906 5.050000e+01 1.949500e+03 1.185000e+02 1.996500e+03 1.150000e+01 2 7FD 2.041500e+03 1.500000e+00 2.037500e+03 5.500000e+00 9.500000e+00 8 1 2.044500e+03 
79C 3 1.880500e+03 1.535000e+02 1.991500e+03 2.019500e+03 13 2 2.041500e+03 7FC 7F5 7.500000e+00 1.550000e+01 6 2 2.046500e+03 
7A5 6.950000e+01 1.874500e+03 9.850000e+01 1E 1.957500e+03 5.050000e+01 2.034500e+03 1.350000e+01 2.034500e+03 2.046500e+03 4 D 8 2 2.047500e+03 
1.750000e+01 7D3 2.017500e+03 7B6 A6 1.907500e+03 5.050000e+01 8.500000e+00 2.500000e+00 7FC A 5.000000e-01 4 4.500000e+00 5.000000e-01 2.046500e+03 
7FF 2.000500e+03 2.150000e+01 7AA 3D 13 7AE 7.850000e+01 2.017500e+03 1.950000e+01 7F4 8.500000e+00 1 2.041500e+03 5.000000e-01 3.500000e+00 
11 7EB 2.032500e+03 2.030500e+03 7F0 2D 2.006500e+03 2.047500e+03 25 7E0 5 7F0 1.650000e+01 7F0 7FF 9.500000e+00 
8 2.017500e+03 5.500000e+00 2.017500e+03 6.500000e+00 11 0 7F0 1.050000e+01 2.047500e+03 7E6 7FC 7FF 3 2.047500e+03 2.044500e+03 
1.750000e+01 7D0 8.500000e+00 7F1 6 12 7F2 F 7ED 7.500000e+00 2.045500e+03 7DF 1A 2.038500e+03 3 2.043500e+03 
1.350000e+01 2.017500e+03 E 7F3 0 11 2.047500e+03 2.043500e+03 0 2.036500e+03 20 2.018500e+03 7FF F 2.047500e+03 2.034500e+03 
14 7EE 1.550000e+01 7F7 2.044500e+03 1.150000e+01 7FF 5.000000e-01 2.033500e+03 12 1 1 2.036500e+03 10 7F4 3 
E 7FA 1.050000e+01 7FD 7F5 1.050000e+01 1 2.043500e+03 5.000000e-01 3 7FF 2.046500e+03 0 7F9 1.950000e+01 2.027500e+03 
10 7FC 6.500000e+00 2.043500e+03 2.045500e+03 2 2 7FC 2 7FF 2.047500e+03 7F6 7.500000e+00 5.500000e+00 2.033500e+03 C 
13 7FF 7FF 7FF 0 7FF 2.046500e+03 0 5.000000e-01 2.047500e+03 0 0 2.047500e+03 2.047500e+03 0 5.000000e-01 
9.500000e+00 2 2.042500e+03 5 7FD 1 2.046500e+03 1.500000e+00 7FF 5.000000e-01 5.000000e-01 7.500000e+00 2.040500e+03 2.046500e+03 6 7FA 
2.047500e+03 2.047500e+03 2 2.047500e+03 7FF 5.000000e-01 7FF 0 2.047500e+03 2.047500e+03 2.047500e+03 2.047500e+03 2.046500e+03 2.047500e+03 0 0 
7F8 7FE 3 2.045500e+03 3 7FD 2 7FF 5.000000e-01 7FF 2.047500e+03 7F9 6 5.000000e-01 7FB 4 
92A 29 25 7FA 7E1 2.011500e+03 15 5.000000e-01 2.041500e+03 7FF 1.550000e+01 7 7EB 7FB 2.047500e+03 4.500000e+00 
1.929500e+03 1.065000e+02 2.045500e+03 7ED 3.550000e+01 1.500000e+00 2.044500e+03 3.500000e+00 2.045500e+03 4 2.036500e+03 7F1 C 4 2.047500e+03 2.042500e+03 
43 7.550000e+01 7E7 7FD 7F9 2.030500e+03 1.050000e+01 7F8 3.500000e+00 0 2.040500e+03 C C 8 2.047500e+03 7FD 
1.995500e+03 7FF 2.015500e+03 7.500000e+00 3.850000e+01 6.500000e+00 7EC 7FB 2.044500e+03 6.500000e+00 1.650000e+01 2.041500e+03 2.031500e+03 7FA 1.500000e+00 1.500000e+00 
8 2.026500e+03 2.026500e+03 2.150000e+01 8.500000e+00 7.500000e+00 2.043500e+03 2.044500e+03 0 2.043500e+03 2.035500e+03 2.038500e+03 5.000000e-01 4.500000e+00 5.000000e-01 7FB 
1A 2.008500e+03 2.020500e+03 19 2.029500e+03 6 1.050000e+01 1 0 2 1.500000e+00 B 7.500000e+00 2.045500e+03 0 2.500000e+00 
2.250000e+01 7FC 2.039500e+03 15 2.016500e+03 7FF 2.047500e+03 1 2.047500e+03 7FD 0 1.500000e+00 2.047500e+03 2.045500e+03 0 2 
7FD 2.021500e+03 2.250000e+01 D 2.012500e+03 3.500000e+00 4 D 2.047500e+03 2.039500e+03 5.000000e-01 1.500000e+00 2.040500e+03 2.042500e+03 7FF 4.500000e+00 
2.046500e+03 7E6 1.450000e+01 7.500000e+00 7E8 13 5.000000e-01 2.040500e+03 5.000000e-01 4 2.047500e+03 7FC 7FF 3.500000e+00 7FF 7FD 
7FD 2.046500e+03 1.250000e+01 2 2.003500e+03 3 9.500000e+00 2.032500e+03 1 8.500000e+00 2.047500e+03 7FD 3.500000e+00 5.500000e+00 0 7FB 
6.500000e+00 7.500000e+00 0 2 1.050000e+01 1.850000e+01 7EE 7 5.000000e-01 7FE 2.047500e+03 5.000000e-01 0 2.047500e+03 7FF 0 
9 8 7FD 4.500000e+00 7EF 5.000000e-01 C 2.038500e+03 7FF 2.500000e+00 1 2.041500e+03 2.043500e+03 1.500000e+00 0 7FD 
7DF 8.500000e+00 7FF 2.044500e+03 0 1.500000e+00 7FF 2.047500e+03 0 1 2.047500e+03 7FE 0 1 5.000000e-01 2.046500e+03 
1.500000e+00 7.500000e+00 5.000000e-01 7F6 1.050000e+01 2.046500e+03 7FA 1.500000e+00 5.000000e-01 0 2.047500e+03 2.500000e+00 4.500000e+00 0 0 0 
7FD 7FF 5.000000e-01 2.041500e+03 1.050000e+01 7F8 2.047500e+03 3 0 2.045500e+03 0 1.500000e+00 0 2.046500e+03 2.047500e+03 1.500000e+00 
7FC 7FE 7FE 2.045500e+03 7 7F6 4 2.500000e+00 7FF 2.044500e+03 1 7FF 2.044500e+03 7FD 2.047500e+03 1 
B3E 5.750000e+01 6 7EF 2 7 7ED 4 5.500000e+00 7E3 12 7FA 1 2.040500e+03 D 7F5 
1.668500e+03 7DF 14 4 7F3 7EB 1.750000e+01 7FE 2.018500e+03 17 2.024500e+03 1.350000e+01 2.046500e+03 5.500000e+00 7EC 2.050000e+01 
2.215000e+02 4.250000e+01 7FF 7E5 2.040500e+03 1.150000e+01 2.019500e+03 1.350000e+01 5.500000e+00 2.019500e+03 1.850000e+01 7FB 1.500000e+00 2.037500e+03 12 2.034500e+03 
1.844500e+03 7FD 8 7F7 7F6 2.039500e+03 4 7FD 7FA B 7F2 8 2.045500e+03 2 7F7 8.500000e+00 
42 8.500000e+00 5.000000e-01 7FD 2.047500e+03 2.045500e+03 7FB 5 1.500000e+00 7F8 8.500000e+00 2.042500e+03 5.000000e-01 5.000000e-01 2.046500e+03 5.000000e-01 
4.500000e+00 B 2.042500e+03 7FA 7FE C 7FA 2.500000e+00 5 2.045500e+03 7FC 5 7FE 7FC 4 2.045500e+03 
2.031500e+03 7F0 7F8 7FE 7FE 7FF B 6 2.037500e+03 7 2.046500e+03 2.045500e+03 5.000000e-01 1 0 2.047500e+03 
66 B 3.500000e+00 2.040500e+03 0 5 2.500000e+00 7FF 8.500000e+00 7F8 3 0 7FF 5.000000e-01 2.047500e+03 0 
2.021500e+03 2.042500e+03 4.500000e+00 7FD 2.047500e+03 1.500000e+00 5.000000e-01 7FF 1 5.000000e-01 7FF 2.047500e+03 1 0 2.047500e+03 0 
43 7EF 1.500000e+00 3.500000e+00 2.047500e+03 7FE 7FE 2 7FC 1 7FF 0 7FF 2.047500e+03 2 2.045500e+03 
9 9 5.000000e-01 2.044500e+03 7FF 1.500000e+00 0 2.046500e+03 0 5.000000e-01 2.047500e+03 7FF 5.000000e-01 5.000000e-01 2.047500e+03 7FF 
2.036500e+03 2.500000e+00 7FF 2.046500e+03 2.047500e+03 2.046500e+03 1 5.000000e-01 2.500000e+00 7FD 1 5.000000e-01 2.047500e+03 2.047500e+03 2.046500e+03 1 
1.050000e+01 1.050000e+01 1 7FC 2.047500e+03 1.500000e+00 2.047500e+03 2.046500e+03 0 1 0 7FE 2.047500e+03 1.500000e+00 0 2.046500e+03 
7D0 7.500000e+00 2.047500e+03 7FC 2.047500e+03 2 7FF 7FE 7FC 4.500000e+00 2.046500e+03 7FE 2.047500e+03 1 1.500000e+00 2.045500e+03 
7.500000e+00 1.050000e+01 5.000000e-01 2.045500e+03 0 2 0 2.045500e+03 2.047500e+03 2.500000e+00 5.000000e-01 7FE 0 1.500000e+00 2.047500e+03 2.046500e+03 
7E7 8 2.047500e+03 7FC 0 1 1 2.046500e+03 2 2.046500e+03 0 7FF 7FF 1 2.046500e+03 5.000000e-01 
F5C B3 1.931500e+03 2D 2.043500e+03 7EF 10 2.028500e+03 17 7DA 5.350000e+01 7BE 3B 7D7 2.850000e+01 2.033500e+03 
2.035500e+03 1 2.550000e+01 7CB 5.350000e+01 2.017500e+03 7FB 20 7DC 18 7FE 7F2 1.550000e+01 2.044500e+03 2.036500e+03 1.150000e+01 
1.150000e+01 7EB 2.050000e+01 7F2 2.039500e+03 3.150000e+01 7D0 2C 2.026500e+03 7FA 1B 2.013500e+03 2.550000e+01 7F5 7FE 4 
7F2 11 7EE F 7EF 1.250000e+01 2.045500e+03 2.031500e+03 3.550000e+01 1.999500e+03 2E 2.018500e+03 5.000000e-01 2.150000e+01 7E3 13 
C 2.029500e+03 C 7F8 2 2 2.047500e+03 2.044500e+03 6.500000e+00 2.045500e+03 7F5 2.950000e+01 7D3 2F 7D8 16 
5.000000e-01 2.046500e+03 2.043500e+03 7 2.036500e+03 9 2.042500e+03 0 3.500000e+00 7FB 5 7F7 1.450000e+01 7EB 15 7F2 
2.043500e+03 2.500000e+00 2.044500e+03 1 2.047500e+03 2.042500e+03 9.500000e+00 2.040500e+03 2.046500e+03 A 2.035500e+03 7 3 2.033500e+03 1.850000e+01 7F2 
2.047500e+03 7FE 5.000000e-01 7FD 2.500000e+00 2.043500e+03 5.500000e+00 7FA 3 4.500000e+00 2.035500e+03 1.450000e+01 2.038500e+03 0 4.500000e+00 7FB 
7FF 2.046500e+03 0 2.046500e+03 7FF 1 7FF 0 1 2.047500e+03 2.047500e+03 5.000000e-01 2.047500e+03 7FF 5.000000e-01 7FF 
7FE 0 2.046500e+03 2.047500e+03 2.046500e+03 1 2.046500e+03 1.500000e+00 7FF 2.047500e+03 2 7FC 3 7FD 2 7FE 
7FE 0 2.046500e+03 2.046500e+03 0 2.047500e+03 2.047500e+03 0 5.000000e-01 7FF 5.000000e-01 2.047500e+03 2.047500e+03 0 2.047500e+03 2.047500e+03 
2.045500e+03 5.000000e-01 7FF 2.046500e+03 0 2.047500e+03 1 7FE 2 2.047500e+03 2.046500e+03 3 7FB 3.500000e+00 7FE 0 
7FD 5.000000e-01 2.047500e+03 2.045500e+03 5.000000e-01 2.047500e+03 0 2.047500e+03 1 2.047500e+03 0 0 2.046500e+03 1 2.046500e+03 0 
7FF 2.046500e+03 2.047500e+03 2.046500e+03 7FF 1.500000e+00 2.044500e+03 4 7FD 1.500000e+00 1.500000e+00 2.043500e+03 5 2.043500e+03 1.500000e+00 7FF 
7FF 7FF 2.046500e+03 2.047500e+03 2.047500e+03 7FF 1 2.046500e+03 1 0 7FF 1 7FF 2.047500e+03 0 2.047500e+03 
7FE 2.047500e+03 2.046500e+03 7FF 2.047500e+03 7FF 2 7FD 2.500000e+00 7FF 2.046500e+03 3 2.043500e+03 3 2.046500e+03 2.047500e+03 
FAC 9.250000e+01 7AF 43 7C9 27 2.022500e+03 7 5 7EF 17 7E2 2.850000e+01 2.025500e+03 11 2.039500e+03 
2.047500e+03 7FF 2.500000e+00 7FD 0 4 2.040500e+03 9 7F5 C 2.035500e+03 1.150000e+01 2.036500e+03 B 7F5 7 
7FE 1.500000e+00 2.047500e+03 2.047500e+03 7FF 1.500000e+00 7FE 1 7FF 5.000000e-01 0 2.046500e+03 1 2.047500e+03 2.046500e+03 1 
2.045500e+03 2.500000e+00 7FE 5.000000e-01 2.047500e+03 2.047500e+03 5.000000e-01 7FE 2.500000e+00 2.044500e+03 4 2.042500e+03 5 2.043500e+03 2.500000e+00 2.046500e+03 
2.047500e+03 0 2.047500e+03 0 2.047500e+03 0 0 2.047500e+03 0 2.047500e+03 0 2.047500e+03 0 2.047500e+03 0 2.047500e+03 
0 2.047500e+03 0 7FF 5.000000e-01 2.047500e+03 2.047500e+03 1 2.046500e+03 1.500000e+00 7FE 2 2.045500e+03 2 2.045500e+03 1 
2.047500e+03 0 2.047500e+03 0 2.047500e+03 0 0 2.047500e+03 0 2.047500e+03 0 2.047500e+03 0 2.047500e+03 0 2.047500e+03 
7FF 1 2.047500e+03 2.047500e+03 0 2.047500e+03 5.000000e-01 2.046500e+03 1.500000e+00 2.046500e+03 1.500000e+00 2.045500e+03 2.500000e+00 2.045500e+03 1.500000e+00 7FF 
0 0 0 0 0 0 0 0 0 0 0 0 0 0 0 0 
0 0 0 0 2.047500e+03 0 2.047500e+03 5.000000e-01 7FF 1 2.046500e+03 1.500000e+00 7FE 1 2.046500e+03 5.000000e-01 
7FF 5.000000e-01 2.047500e+03 0 2.047500e+03 0 2.047500e+03 2.047500e+03 0 0 7FF 0 2.047500e+03 0 7FF 5.000000e-01 
2.046500e+03 1.500000e+00 7FF 2.047500e+03 0 2.047500e+03 0 7FF 1 7FF 1 7FE 2 7FE 5.000000e-01 2.047500e+03 
7FF 5.000000e-01 0 7FF 0 2.047500e+03 0 2.047500e+03 0 0 2.047500e+03 2.047500e+03 0 0 7FF 5.000000e-01 
2.047500e+03 0 0 2.047500e+03 0 0 7FF 1 2.046500e+03 1 2.046500e+03 1 2.046500e+03 1.500000e+00 2.046500e+03 5.000000e-01 
2.047500e+03 0 2.047500e+03 0 2.047500e+03 0 2.047500e+03 0 2.047500e+03 0 2.047500e+03 0 2.047500e+03 0 2.047500e+03 0 
7FF 1 7FF 0 2.047500e+03 2.047500e+03 0 2.047500e+03 5.000000e-01 7FF 5.000000e-01 7FF 1 2.046500e+03 5.000000e-01 7FF 
FE4 1.250000e+01 2.040500e+03 4 7FC 2.500000e+00 7FF 2.047500e+03 0 2.046500e+03 2.500000e+00 7FD 5.000000e-01 5.000000e-01 0 7FF 
7F2 10 2.037500e+03 6.500000e+00 7FA 4 2.046500e+03 7FF 5.000000e-01 2.045500e+03 4 2.043500e+03 5.000000e-01 1.500000e+00 2.047500e+03 7FF 
7F6 1.250000e+01 7F6 7 7FA 2.500000e+00 2.047500e+03 7FF 5.000000e-01 2.045500e+03 4 2.043500e+03 1 1 0 7FF 
7F7 B 2.039500e+03 6.500000e+00 7FA 3 0 7FE 1 7FE 2.500000e+00 7FD 5.000000e-01 5.000000e-01 0 7FF 
2.039500e+03 1.050000e+01 7F8 6 2.042500e+03 2.500000e+00 2.047500e+03 7FE 1 7FF 1 2.046500e+03 0 0 0 2.047500e+03 
2.040500e+03 9.500000e+00 2.040500e+03 5.500000e+00 2.042500e+03 3 2.047500e+03 7FE 1.500000e+00 7FF 0 7FF 5.000000e-01 2.047500e+03 0 2.047500e+03 
7FA 7.500000e+00 7F9 5 2.043500e+03 2 2.047500e+03 7FF 1 2.046500e+03 1.500000e+00 2.046500e+03 5.000000e-01 0 0 2.047500e+03 
2.043500e+03 6 7FA 4 2.045500e+03 5.000000e-01 2.047500e+03 2.047500e+03 5.000000e-01 2.046500e+03 1 7FF 2.047500e+03 5.000000e-01 2.047500e+03 0 
7FB 6 2.043500e+03 2 7FF 0 2.047500e+03 2.047500e+03 0 2.047500e+03 0 0 2.047500e+03 0 0 2.047500e+03 
2.044500e+03 4 2.045500e+03 1 7FF 5.000000e-01 2.047500e+03 2.047500e+03 5.000000e-01 2.047500e+03 2.047500e+03 0 2.047500e+03 0 2.047500e+03 0 
7FE 2 7FF 0 7FF 1 2.046500e+03 0 0 0 2.047500e+03 0 2.047500e+03 0 7FF 0 
2.047500e+03 0 7FF 5.000000e-01 7FF 5.000000e-01 7FF 5.000000e-01 2.047500e+03 0 2.047500e+03 0 2.047500e+03 5.000000e-01 2.047500e+03 0 
2.046500e+03 1 7FF 0 2.047500e+03 0 2.047500e+03 0 2.047500e+03 0 7FF 5.000000e-01 7FF 0 0 2.047500e+03 
2.045500e+03 2.500000e+00 7FF 2.047500e+03 2.047500e+03 0 0 7FF 0 5.000000e-01 7FF 5.000000e-01 2.047500e+03 0 0 2.047500e+03 
7FF 5.000000e-01 0 7FF 0 2.047500e+03 5.000000e-01 7FF 0 5.000000e-01 2.047500e+03 0 0 0 2.047500e+03 2.047500e+03 
2.047500e+03 0 0 0 2.047500e+03 0 0 2.047500e+03 0 2.047500e+03 5.000000e-01 7FF 0 0 0 2.047500e+03 
FF0 0 0 0 0 0 0 0 0 0 0 0 0 0 0 0 
0 0 0 0 0 0 0 0 0 0 0 0 0 0 0 0 
0 0 0 0 0 0 0 0 0 0 0 0 0 0 0 0 
0 0 0 0 0 0 0 0 0 0 0 0 0 0 0 0 
0 0 0 0 0 0 0 0 0 0 0 0 0 0 0 0 
0 0 0 0 0 0 0 0 0 0 0 0 0 0 0 0 
0 0 0 0 0 0 0 0 0 0 0 0 0 0 0 0 
0 0 0 0 0 0 0 0 0 0 0 0 0 0 0 0 
0 0 0 0 0 0 0 0 0 0 0 0 0 0 0 0 
0 0 0 0 0 0 0 0 0 0 0 0 0 0 0 0 
0 0 0 0 0 0 0 0 0 0 0 0 0 0 0 0 
0 0 0 0 0 0 0 0 0 0 0 0 0 0 0 0 
0 0 0 0 0 0 0 0 0 0 0 0 0 0 0 0 
0 0 0 0 0 0 0 0 0 0 0 0 0 0 0 0 
0 0 0 0 0 0 0 0 0 0 0 0 0 0 0 0 
0 0 0 0 0 0 0 0 0 0 0 0 0 0 0 0 
FF0 0 0 0 0 0 0 0 0 0 0 0 0 0 0 0 
0 0 0 0 0 0 0 0 0 0 0 0 0 0 0 0 
0 0 0 0 0 0 0 0 0 0 0 0 0 0 0 0 
0 0 0 0 0 0 0 0 0 0 0 0 0 0 0 0 
0 0 0 0 0 0 0 0 0 0 0 0 0 0 0 0 
0 0 0 0 0 0 0 0 0 0 0 0 0 0 0 0 
0 0 0 0 0 0 0 0 0 0 0 0 0 0 0 0 
0 0 0 0 0 0 0 0 0 0 0 0 0 0 0 0 
0 0 0 0 0 0 0 0 0 0 0 0 0 0 0 0 
0 0 0 0 0 0 0 0 0 0 0 0 0 0 0 0 
0 0 0 0 0 0 0 0 0 0 0 0 0 0 0 0 
0 0 0 0 0 0 0 0 0 0 0 0 0 0 0 0 
0 0 0 0 0 0 0 0 0 0 0 0 0 0 0 0 
0 0 0 0 0 0 0 0 0 0 0 0 0 0 0 0 
0 0 0 0 0 0 0 0 0 0 0 0 0 0 0 0 
0 0 0 0 0 0 0 0 0 0 0 0 0 0 0 0 
