616 
66 
-712 
662 
-1567 
-1443 
-1968 
1901 
1926 
-1541 
-134 
641 
-860 
1042 
238 
-296 
-954 
1039 
1631 
935 
-382 
1795 
-1002 
135 
1862 
-952 
-1024 
1751 
-1768 
-822 
375 
-1216 
556 
1222 
6 
617 
1212 
-1093 
413 
-1588 
64 
1383 
1723 
-8 
-911 
624 
1709 
40 
1942 
-1240 
-1593 
-831 
-425 
-325 
-773 
793 
-1672 
-402 
-839 
-793 
-1616 
384 
-890 
-1413 
-2046 
-887 
208 
1519 
-1875 
1657 
-1512 
1366 
1230 
1711 
-1486 
19 
-390 
-1338 
307 
435 
-1170 
81 
2003 
-42 
798 
-363 
-1906 
-849 
1234 
-629 
-1707 
45 
-546 
980 
101 
1247 
1298 
-1272 
-1542 
1314 
564 
-1982 
1621 
62 
182 
435 
1066 
1455 
-480 
-1702 
957 
-689 
1391 
-526 
1344 
-1325 
-1518 
1556 
-1868 
764 
957 
-258 
-493 
1964 
-414 
-245 
-1406 
-713 
-762 
1615 
-1037 
-776 
-374 
852 
-1460 
1520 
-1708 
-157 
-1924 
1037 
819 
-1170 
736 
234 
1436 
239 
1645 
-330 
-582 
-46 
-1000 
1757 
-137 
-1008 
-282 
829 
-401 
-1304 
1459 
344 
-518 
-1140 
-1152 
91 
-273 
988 
-1760 
1422 
736 
-1489 
1468 
-1230 
439 
176 
-1384 
-2025 
1112 
1084 
-324 
-1816 
351 
-1335 
936 
140 
-1012 
1708 
1057 
1585 
-1767 
-1297 
971 
805 
1134 
7 
-306 
455 
1457 
699 
96 
-825 
835 
-485 
277 
1588 
1404 
1633 
1798 
1292 
-2043 
-2036 
-1690 
-981 
-1955 
-311 
-651 
169 
1745 
-826 
-664 
1472 
-654 
-1483 
31 
1460 
-474 
801 
523 
-204 
-109 
1841 
-1706 
-902 
-218 
358 
1546 
-127 
-257 
1008 
-132 
1477 
-138 
-8 
-52 
-1109 
-1698 
-1772 
1590 
-1093 
1481 
867 
1527 
1794 
-1476 
-435 
1968 
593 
